    1    1 33 11 25 33 64 21 46 31 65 62 47 65 61 63 14
    1    2 42 22 61 23 44 12 46 31 76 16 25 11 26 33 44
    1    3 42 12 46 11 56 22 42 13 46 67 74 65 31 34 11
    1    4 13 22 24 32 45 22 44 11 75 63 77 21 56 53 44
    1    5 42 21 14 32 65 22 26 13 64 21 44 73 64 57 43
    1    6 44 21 46 33 43 22 44 11 55 71 41 22 26 66 14
    1    7 13 21 22 21 55 12 42 11 65 35 47 75 25 33 32
    1    8 12 12 25 33 46 11 88 12 66 66 44 16 34 33 22
    1    9 44 22 21 23 55 22 18 33 66 66 84 51 35 36 43
    1   10 13 22 23 33 45 22 12 33 55 66 44 25 33 66 14
    1   11 34 22 42 32 55 22 56 33 67 16 55 51 36 44 44
    1   12 11 22 42 33 57 22 44 31 76 62 45 15 31 33 44
    1   13 34 12 12 23 57 22 26 13 62 66 74 55 25 64 43
    1   14 44 11 24 33 47 12 42 33 65 63 77 16 16 36 43
    1   15 44 22 52 23 25 21 22 14 75 61 44 16 31 66 33
    1   16 13 11 22 13 47 22 41 13 75 13 24 55 64 34 14
    1   17 31 12 12 62 85 22 62 12 56 36 45 51 61 66 21
    1  460 34 12 56 32 44 11 64 13 57 21 72 51 16 33 44
    1  461 32 12 51 33 44 12 66 11 56 26 75 51 16 33 44
    1  462 32 12 51 33 44 12 66 11 56 26 75 51 16 33 44
    1  463 43 12 42 13 54 22 44 11 47 66 77 62 35 35 14
    1  464 41 12 42 13 54 22 44 11 45 63 77 61 36 33 14
    1  678 12 12 21 33 44 12 86 21 66 66 47 65 41 33 24
    1  679 41 22 42 33 44 22 44 11 55 73 47 21 26 63 14
    1  680 41 12 62 33 34 22 44 11 55 13 17 21 66 63 44
    1  681 44 11 64 31 35 22 44 11 54 16 17 26 63 63 41
    1  987 43 21 62 32 45 11 64 11 56 23 74 57 12 33 43
    1  988 34 12 52 32 45 12 61 13 56 26 74 51 15 36 43
    1  989 24 22 12 32 45 22 61 13 66 26 78 55 15 36 43
    1  990 34 12 51 33 45 12 68 13 56 26 74 51 15 36 43
    1  991 34 12 51 33 45 12 68 13 56 26 78 55 13 33 44
    1  992 44 12 41 13 56 22 42 11 76 62 74 27 56 55 44
    1 1118 43 12 41 33 75 22 28 33 56 36 78 65 63 63 34
    1 1119 43 11 45 33 74 21 26 31 65 62 77 15 11 33 44
    1 1120 31 12 12 23 54 22 24 11 25 63 47 51 56 43 34
    1 1121 34 11 16 23 53 22 24 11 65 61 71 52 26 66 44
    1 1122 12 22 21 33 74 22 46 33 76 66 48 15 35 36 43
    1 1123 14 22 42 32 55 22 41 33 76 66 48 15 35 36 43
    1 1124 14 22 42 32 55 22 41 33 76 66 48 15 35 36 43
    1 1125 33 21 35 33 54 21 26 31 55 62 47 55 31 63 44
    1 1126 14 22 22 32 45 22 11 33 56 66 44 51 35 66 44
    1 1241 43 11 65 33 35 22 48 13 56 16 14 21 65 66 43
    1 1242 43 11 45 13 54 21 46 11 45 62 77 65 31 33 14
    1 1243 44 12 41 13 55 22 48 13 46 66 74 61 35 36 13
    1 1244 14 22 22 32 45 22 45 13 56 31 75 15 63 34 44
    1 1245 13 22 24 33 45 22 45 13 56 36 75 11 66 34 44
    1 1246 13 22 24 33 45 22 45 13 56 31 75 15 63 34 44
    1 1247 13 22 24 33 45 22 45 13 56 31 75 15 63 34 44
    1 1418 43 22 54 23 25 22 25 13 76 66 45 11 36 64 34
    1 1419 33 12 24 33 75 22 15 33 56 31 45 55 63 34 14
    1 1476 41 22 22 22 58 22 56 11 55 33 74 55 31 46 41
    1 1477 11 22 22 32 45 22 42 12 56 36 75 11 61 36 41
    2   18 33 11 44 23 44 22 24 11 65 66 45 71 33 35 33
    2   19 11 11 32 12 54 12 28 31 65 66 42 61 26 36 44
    2   20 11 21 22 23 74 22 12 34 56 67 52 15 12 34 32
    2   21 34 22 22 33 87 12 42 13 62 66 55 75 66 56 21
    2   22 14 21 22 33 83 21 64 33 67 66 55 55 61 23 34
    2   23 34 12 22 13 55 11 66 11 65 11 82 16 13 63 14
    2   24 42 21 24 13 85 11 62 31 56 31 45 55 42 66 42
    2   25 42 11 43 22 45 22 67 11 46 66 12 11 11 33 11
    2   26 13 11 42 13 46 12 66 31 77 66 42 52 44 46 42
    2   27 32 12 21 21 84 21 76 13 62 21 44 26 11 63 23
    2   28 41 21 23 61 87 12 26 31 76 23 58 41 15 33 42
    2   29 33 11 26 62 56 22 22 31 26 62 75 22 51 74 44
    2   30 33 12 21 12 48 22 42 11 57 66 44 62 34 53 32
    2   31 34 21 52 32 75 22 46 11 56 63 44 67 21 63 43
    2   32 44 22 24 22 74 22 48 41 55 23 45 55 32 33 42
    2   33 41 12 22 23 55 22 66 23 56 63 65 77 14 53 42
    2   34 42 11 12 62 74 22 24 11 56 16 15 11 31 34 23
    2   35 34 22 42 32 63 22 46 11 37 66 72 47 43 76 31
    2   36 31 22 24 16 65 12 62 31 26 61 54 12 36 66 14
    2   37 33 12 13 31 57 22 42 31 64 76 44 41 62 33 33
    2   38 41 12 14 51 65 21 42 21 72 61 45 14 16 73 13
    2   39 11 22 24 34 46 22 44 32 55 76 41 55 21 73 42
    2   40 33 22 54 11 45 22 66 11 65 61 45 14 61 34 44
    2   41 44 12 12 12 45 11 42 33 26 66 45 55 23 46 14
    2  465 31 11 42 22 44 22 28 11 65 66 42 71 36 56 34
    2  466 31 11 42 22 44 22 28 11 65 66 42 71 36 36 34
    2  467 31 11 42 22 44 21 22 13 66 66 44 76 32 33 34
    2  468 31 11 42 22 44 22 28 11 65 66 52 16 32 53 34
    2  469 13 22 22 23 78 21 14 31 52 66 55 15 16 46 21
    2  470 13 12 22 33 48 21 24 41 66 66 55 17 16 35 32
    2  682 41 11 22 32 34 11 42 33 76 66 54 56 12 33 43
    2  683 11 21 22 32 84 21 62 33 66 66 54 57 63 23 33
    2  684 41 21 22 32 54 12 68 11 65 16 82 11 16 66 14
    2  685 43 21 24 32 54 12 62 11 56 16 24 67 33 33 43
    2  686 41 21 22 32 54 12 68 11 55 16 24 61 36 36 44
    2  687 33 11 24 12 54 12 62 11 66 16 84 17 13 63 13
    2  688 33 11 24 12 54 12 62 11 66 16 84 17 13 63 13
    2  689 43 21 24 32 54 12 62 11 56 16 24 67 33 33 43
    2  690 13 12 32 13 78 21 64 11 66 36 85 17 56 35 22
    2  691 43 22 22 63 88 11 24 31 76 26 55 47 16 35 42
    2  993 32 11 44 23 45 21 22 11 66 61 45 75 32 56 32
    2  994 14 12 22 21 48 21 86 13 55 63 24 15 64 66 44
    2  995 32 11 44 23 45 21 22 11 66 61 45 75 32 56 32
    2  996 32 11 43 22 45 22 27 11 66 66 52 11 31 53 31
    2 1081 31 21 24 31 84 11 46 13 27 66 54 55 64 64 14
    2 1082 11 21 24 21 74 21 16 33 57 66 54 15 14 44 24
    2 1083 33 21 22 33 86 12 46 11 27 66 52 52 64 66 12
    2 1084 31 21 24 31 84 11 46 13 27 66 54 52 64 66 12
    2 1127 24 22 12 12 44 12 68 31 25 26 42 21 16 66 24
    2 1128 24 12 22 23 85 21 76 11 66 21 48 21 11 66 21
    2 1129 21 21 12 12 44 12 78 31 25 16 42 61 16 36 34
    2 1130 34 12 22 63 55 21 26 31 25 61 72 26 53 73 44
    2 1131 31 11 22 62 54 22 28 31 25 66 74 21 56 46 44
    2 1132 31 11 22 62 64 22 28 11 65 26 54 26 13 43 44
    2 1133 31 11 62 22 64 22 28 11 65 26 54 21 16 46 44
    2 1134 43 21 42 21 45 21 86 11 56 31 58 51 23 33 23
    2 1135 43 21 44 22 44 22 82 11 56 36 54 57 23 33 23
    2 1136 43 21 24 22 74 22 42 41 56 26 44 57 33 33 43
    2 1137 43 21 44 22 44 22 82 11 56 36 58 51 21 36 23
    2 1138 43 21 22 21 45 21 86 11 56 31 58 51 21 36 21
    2 1248 43 22 22 33 58 11 64 11 56 16 25 67 36 35 42
    2 1249 33 12 42 23 48 22 26 11 66 63 48 61 35 33 42
    2 1250 31 21 23 31 57 12 66 11 56 13 28 61 35 33 42
    2 1251 34 11 42 22 45 22 26 11 66 63 44 77 31 33 33
    2 1252 33 12 45 23 57 12 64 11 66 13 84 16 12 66 14
    2 1253 43 22 21 32 54 12 64 11 55 16 24 66 33 35 43
    2 1254 33 11 42 21 44 22 24 11 65 66 44 76 33 35 33
    2 1255 43 22 41 22 48 22 22 11 67 66 44 72 34 33 42
    2 1350 34 21 21 36 87 12 42 11 75 21 51 41 13 33 42
    2 1351 42 21 22 62 84 12 44 11 66 66 55 71 61 54 23
    2 1352 44 21 21 66 87 12 22 31 75 21 51 41 13 33 42
    2 1353 44 21 21 66 87 12 22 31 75 61 51 71 61 54 23
    2 1420 13 22 41 42 68 22 42 21 57 66 14 52 14 33 22
    2 1421 32 11 12 32 58 22 47 31 66 72 44 42 61 36 32
    2 1422 32 11 12 32 58 21 46 31 66 71 48 41 61 36 31
    2 1423 34 12 12 33 55 21 46 31 66 71 48 41 61 36 31
    2 1424 44 12 14 12 44 12 48 31 25 63 45 55 22 43 12
    2 1425 11 21 42 62 54 22 28 11 65 16 44 21 66 66 44
    2 1463 43 22 24 23 46 22 84 11 53 66 27 14 64 67 43
    2 1464 24 22 22 22 43 22 86 11 57 66 22 17 63 66 41
    2 1465 43 22 24 23 43 22 86 31 27 26 42 27 13 66 21
    2 1466 43 22 24 23 46 22 84 11 23 26 47 24 14 67 23
    2 1467 31 12 22 63 55 22 26 33 26 63 75 27 54 73 42
    2 1468 44 21 22 32 55 12 66 12 55 16 26 67 31 35 44
    2 1478 33 12 44 21 45 22 26 11 65 61 45 74 31 34 34
    2 1479 41 22 24 31 55 11 62 11 52 11 25 64 36 33 43
    3   42 13 22 24 24 74 12 66 13 31 11 54 12 21 63 13
    3   43 31 11 24 23 44 22 42 31 25 43 56 55 16 34 34
    3   44 33 11 22 14 44 21 25 23 76 26 24 65 34 54 41
    3   45 41 21 12 12 44 22 42 11 62 61 44 51 62 57 23
    3   46 43 11 42 32 46 12 52 33 65 73 44 67 42 36 42
    3   47 43 21 52 33 77 22 62 33 73 66 47 11 66 36 43
    3   48 43 11 42 22 44 22 64 41 66 76 71 22 14 65 41
    3   49 33 12 24 41 55 22 24 31 66 65 54 56 26 74 43
    3   50 41 12 44 21 75 12 22 11 66 66 84 56 14 43 11
    3   51 42 22 22 42 44 22 68 11 55 66 44 11 14 33 44
    3   52 42 22 44 22 54 22 44 11 67 65 48 65 56 35 12
    3   53 44 12 12 32 55 21 42 33 56 66 44 11 11 33 43
    3   54 42 11 42 41 57 22 46 13 26 61 45 55 35 74 44
    3   55 13 21 62 22 82 22 24 11 52 16 57 15 43 66 14
    3   56 34 22 22 32 45 22 56 13 56 11 45 55 43 43 33
    3   57 41 22 21 33 55 22 64 31 76 63 42 55 41 33 33
    3   58 31 12 22 24 55 22 66 13 65 16 25 15 61 36 12
    3   59 41 21 42 26 54 12 78 31 66 63 54 55 34 34 14
    3   60 11 11 42 13 76 22 64 31 55 13 44 75 23 33 43
    3   61 43 22 42 22 45 12 66 33 67 31 25 11 13 67 44
    3   62 33 11 24 21 45 11 62 11 52 66 55 51 33 53 44
    3   63 33 11 42 13 51 22 27 13 62 11 55 11 23 33 41
    3   64 43 11 64 34 48 22 54 11 25 61 84 72 44 33 21
    3   65 41 21 22 24 75 22 48 13 27 12 67 65 21 33 31
    3   66 41 11 32 22 54 22 66 32 25 76 74 14 66 34 24
    3   67 32 11 21 33 45 22 81 33 56 66 55 76 31 64 43
    3   68 41 11 44 12 75 22 64 13 65 67 44 77 36 45 42
    3   69 14 21 26 23 75 22 45 11 55 66 45 25 61 43 22
    3   70 13 12 41 62 55 22 87 33 65 62 42 15 63 36 34
    3   71 31 12 22 42 75 11 88 33 25 61 24 16 61 33 43
    3  471 33 11 22 32 74 22 24 31 36 66 77 12 61 66 34
    3  472 43 21 52 32 74 22 64 31 76 67 47 12 61 36 44
    3  473 11 21 24 23 74 12 62 11 35 13 56 15 26 64 14
    3  474 13 21 22 22 74 12 64 13 32 14 55 15 21 63 13
    3  475 33 21 42 42 44 22 64 33 12 14 55 15 21 63 13
    3  476 31 11 22 42 44 12 52 31 62 61 44 51 42 47 13
    3  477 31 11 22 12 44 22 22 21 72 21 24 61 32 57 43
    3  478 31 11 22 42 44 12 52 31 72 21 24 61 32 57 43
    3  479 33 11 22 24 65 22 22 33 56 36 45 75 22 67 24
    3  480 43 11 42 34 45 12 52 33 66 76 45 65 42 37 44
    3  481 43 12 44 31 45 12 54 31 66 75 44 65 42 37 44
    3  692 41 21 22 42 44 22 62 11 52 61 44 11 12 37 43
    3  693 43 21 22 44 44 21 65 13 56 66 44 15 14 34 41
    3  694 43 21 42 22 54 22 44 13 62 64 45 65 51 33 13
    3  695 41 12 42 22 77 11 26 11 63 61 85 51 12 46 11
    3  696 43 12 44 41 55 22 44 11 26 65 44 55 32 77 44
    3  697 23 11 24 13 74 21 65 33 66 17 54 56 54 43 44
    3  698 23 11 24 13 74 21 65 33 66 17 54 56 54 43 44
    3  699 44 11 44 43 54 21 45 13 26 67 44 56 52 47 44
    3  700 23 12 24 11 75 22 65 33 66 17 54 56 54 43 44
    3  701 44 11 44 43 54 21 45 13 26 67 44 56 34 73 44
    3  702 34 22 25 33 47 22 54 11 56 17 47 52 41 46 34
    3  703 43 21 22 32 44 22 54 11 56 17 47 52 41 46 34
    3  704 34 22 25 33 47 22 56 13 57 16 44 51 41 46 34
    3  705 13 21 62 24 84 21 25 13 57 11 54 11 42 67 13
    3  706 11 21 62 22 84 22 22 11 52 11 54 51 32 67 43
    3  997 33 11 22 21 44 22 42 12 67 62 72 26 13 65 44
    3  998 31 11 22 31 74 22 22 32 37 62 72 16 63 65 34
    3 1085 34 12 22 42 55 21 22 33 66 66 54 51 21 73 43
    3 1086 34 11 21 43 55 22 24 33 65 66 54 51 21 73 44
    3 1087 33 11 24 24 64 22 26 33 51 31 45 71 22 66 21
    3 1088 33 12 24 44 54 22 26 33 61 61 55 51 22 76 41
    3 1089 33 12 24 44 54 22 26 33 61 61 55 51 22 76 41
    3 1090 33 11 22 42 54 22 24 33 62 64 55 55 21 73 43
    3 1091 33 11 22 42 54 22 24 33 62 64 55 55 21 73 43
    3 1092 33 11 22 22 64 22 24 33 52 34 45 75 21 63 23
    3 1093 33 11 22 42 54 22 26 33 51 31 45 71 22 66 21
    3 1094 33 11 22 42 54 22 24 33 62 64 55 55 21 73 43
    3 1095 33 12 24 24 64 22 26 33 51 31 45 71 22 66 41
    3 1139 43 21 42 24 55 12 72 33 66 66 55 55 32 37 14
    3 1140 43 21 42 24 54 12 76 33 61 61 55 51 32 36 11
    3 1141 13 11 22 64 45 22 82 13 66 36 45 55 42 47 44
    3 1142 13 11 42 14 75 22 64 33 52 34 45 55 31 33 33
    3 1143 33 11 22 22 44 12 64 13 22 64 55 17 32 36 42
    3 1144 33 11 42 12 56 12 24 13 22 64 55 15 31 33 43
    3 1145 43 21 12 32 56 22 42 13 65 33 24 57 12 36 32
    3 1146 43 21 24 34 54 22 66 33 75 63 44 57 42 36 32
    3 1147 43 21 24 34 54 22 66 33 71 61 45 51 42 36 31
    3 1148 33 11 42 12 54 22 26 13 61 11 55 11 22 36 11
    3 1149 33 11 42 14 55 22 22 13 65 13 54 17 22 36 42
    3 1150 33 11 42 12 54 22 26 13 61 11 55 11 22 36 41
    3 1354 13 11 22 12 44 22 24 23 72 24 25 65 31 53 43
    3 1355 13 11 22 14 45 22 22 23 72 24 25 65 31 53 43
    3 1356 33 11 22 34 45 22 22 23 76 26 25 65 32 57 44
    3 1357 33 11 22 22 45 22 46 11 66 61 72 25 11 66 42
    3 1358 33 11 22 14 45 22 26 23 75 26 25 65 31 56 42
    3 1359 33 11 24 24 68 22 25 31 12 16 58 17 24 63 12
    3 1360 33 21 44 44 48 22 64 31 15 11 54 12 24 63 11
    3 1361 34 21 46 43 44 22 65 31 12 16 58 17 24 63 12
    3 1362 34 12 24 42 54 21 26 33 66 63 52 51 23 77 44
    3 1426 13 11 22 24 45 22 62 33 26 76 75 15 62 47 44
    3 1427 13 11 22 24 45 22 62 23 56 66 45 45 62 47 44
    3 1428 44 22 22 22 76 22 42 13 25 13 64 67 22 36 32
    3 1429 44 12 64 32 55 21 57 13 56 66 55 55 13 33 21
    3 1430 43 11 62 34 54 22 56 13 51 61 55 51 12 36 21
    3 1480 31 11 44 42 45 22 64 33 15 17 54 17 26 65 12
    3 1481 44 21 24 31 57 22 66 31 16 16 54 17 23 64 14
    3 1482 33 11 22 23 44 22 68 33 15 16 55 17 23 66 14
    3 1483 41 22 42 22 45 11 68 33 62 36 22 11 36 73 44
    3 1484 31 11 24 42 55 22 67 33 55 62 52 55 13 66 24
    4   72 34 11 24 52 45 22 26 11 66 66 74 57 31 76 33
    4   73 43 21 12 31 57 21 68 13 65 15 46 25 61 64 34
    4   74 44 12 24 33 55 22 24 33 57 63 24 56 22 63 43
    4   75 13 21 24 43 62 22 72 31 67 71 58 55 36 34 12
    4   76 44 22 26 31 45 21 86 11 27 66 42 11 63 43 23
    4   77 24 12 64 23 45 12 12 13 62 16 28 71 14 43 13
    4   78 43 12 32 32 77 12 85 31 52 63 54 27 63 47 24
    4   79 14 22 46 63 24 22 42 33 56 61 54 26 41 43 32
    4   80 41 22 16 34 56 21 42 11 57 31 42 21 13 53 41
    4   81 34 12 42 31 47 21 82 12 26 16 42 15 43 54 13
    4   82 11 22 42 32 75 21 76 11 61 66 44 61 63 36 44
    4   83 33 11 24 32 58 22 68 31 26 66 44 45 33 43 24
    4   84 22 12 24 13 54 22 45 41 67 11 42 77 12 46 43
    4   85 13 21 42 12 78 22 85 13 66 56 75 74 56 35 34
    4   86 44 12 21 33 36 12 62 33 24 63 75 75 33 46 41
    4   87 34 22 22 12 42 22 86 32 64 11 52 56 26 33 34
    4   88 11 21 24 32 44 22 68 31 65 16 55 12 26 53 23
    4   89 33 22 22 21 84 11 64 11 56 62 74 27 13 64 33
    4   90 14 21 22 21 85 22 68 11 67 16 42 44 31 33 11
    4   91 11 22 22 32 77 21 66 33 66 66 75 75 36 36 34
    4   92 12 21 42 22 44 22 12 11 66 61 44 55 33 65 44
    4   93 41 11 22 36 64 22 66 13 55 61 57 55 31 16 33
    4   94 44 11 22 23 57 22 64 13 65 16 44 67 23 37 24
    4   95 41 21 43 26 53 12 56 12 65 23 52 66 54 66 31
    4   96 44 22 22 63 75 22 66 33 76 63 44 65 35 36 24
    4   97 32 11 12 12 75 11 74 21 65 13 87 71 32 66 44
    4   98 44 21 24 33 43 22 66 13 72 56 34 16 31 37 14
    4  482 43 22 62 32 47 22 25 31 62 13 44 67 43 47 34
    4  483 13 22 42 62 27 22 45 31 52 63 54 27 46 44 32
    4  484 14 22 22 43 64 22 78 31 62 76 54 51 66 44 22
    4  485 14 22 26 41 65 21 76 31 67 76 52 51 63 43 23
    4  486 14 22 22 43 64 22 76 31 67 76 54 51 36 34 12
    4  487 34 12 26 43 64 22 78 31 62 76 54 51 36 34 12
    4  488 33 11 22 51 47 21 28 13 65 65 76 55 31 74 34
    4  489 44 12 21 53 45 22 26 11 66 61 74 52 31 74 34
    4  490 44 22 44 33 55 22 42 33 72 36 48 61 24 33 33
    4  491 44 12 24 33 55 22 22 33 52 66 28 51 24 63 43
    4  492 44 22 44 33 55 22 42 33 72 36 48 61 24 33 33
    4  493 42 21 46 32 54 21 41 31 76 31 48 61 24 33 33
    4  707 31 12 42 34 46 22 87 13 26 17 45 15 46 54 12
    4  708 44 22 22 13 74 12 88 11 22 16 44 15 46 54 12
    4  709 11 22 62 44 66 12 27 13 76 17 25 15 36 34 12
    4  710 14 22 66 41 65 11 26 11 77 16 22 11 13 53 43
    4  711 24 21 42 15 54 22 42 41 66 16 47 75 13 47 43
    4  712 34 12 26 33 54 22 68 31 26 67 45 45 33 43 21
    4  999 31 22 22 22 75 21 56 11 21 36 44 71 33 76 44
    4 1096 31 12 24 56 42 22 24 13 65 66 75 52 34 74 33
    4 1097 33 12 22 12 77 12 85 31 52 53 64 57 16 44 42
    4 1098 33 12 22 52 47 22 25 11 62 63 74 57 36 74 32
    4 1099 33 12 22 12 77 12 85 31 52 53 64 57 16 44 42
    4 1100 41 22 42 34 56 22 47 33 76 36 44 61 26 34 32
    4 1101 41 22 42 34 56 22 47 33 76 37 45 65 23 33 31
    4 1102 44 22 42 33 54 22 47 33 76 37 45 65 23 33 31
    4 1103 41 22 42 34 56 22 27 33 26 67 85 15 43 33 31
    4 1104 41 22 42 34 56 22 47 33 26 67 85 15 43 33 31
    4 1105 41 22 44 31 57 22 28 31 26 65 87 17 45 33 33
    4 1106 44 12 22 33 53 21 26 33 22 66 87 17 43 34 34
    4 1363 43 22 42 31 54 21 44 31 76 32 44 67 21 36 33
    4 1364 13 22 22 41 64 21 74 31 66 72 54 57 33 34 13
    4 1365 13 22 22 41 64 21 74 31 66 72 44 67 23 34 33
    4 1366 43 22 42 31 54 21 44 31 76 32 44 67 23 34 33
    4 1367 43 22 42 32 57 21 78 33 65 75 56 55 31 34 14
    4 1368 13 21 22 41 67 21 78 33 65 75 56 55 31 34 14
    4 1369 43 21 42 32 57 22 25 31 22 63 84 17 46 34 32
    4 1370 13 22 22 42 67 22 75 33 65 75 56 55 31 34 14
    4 1371 13 21 42 31 57 21 28 33 25 75 56 55 31 34 14
    4 1372 44 21 22 31 45 22 78 31 67 76 52 54 31 33 11
    4 1373 44 21 42 31 55 22 48 31 77 36 42 64 23 33 31
    4 1374 44 21 22 31 45 22 78 31 67 76 52 54 31 33 11
    4 1375 44 22 42 32 52 22 46 32 76 31 45 65 22 33 23
    4 1376 13 22 22 41 64 22 78 33 66 61 45 15 62 43 23
    4 1377 31 22 22 53 47 22 26 13 66 66 77 57 33 73 23
    4 1378 31 22 22 23 77 22 56 13 26 36 47 77 63 43 23
    4 1379 31 22 22 22 77 21 56 13 26 36 45 75 66 46 24
    4 1380 31 22 22 22 77 21 56 13 26 36 45 75 66 46 24
    4 1381 31 22 22 22 77 21 56 13 26 36 45 75 66 46 24
    4 1382 31 22 22 23 77 22 56 13 26 36 45 75 66 46 24
    4 1383 31 11 24 52 44 22 28 11 65 66 75 51 32 75 32
    4 1384 31 11 22 53 44 22 26 33 56 61 55 51 32 75 32
    4 1385 31 22 24 22 74 22 51 11 26 36 44 75 63 46 24
    4 1431 43 12 42 31 34 22 68 33 26 66 44 61 16 74 42
    4 1432 43 12 42 31 34 22 68 13 76 51 35 15 32 33 13
    4 1433 43 12 24 33 65 22 64 13 57 13 74 56 12 63 33
    4 1434 13 12 22 63 45 22 64 33 57 13 74 56 12 63 33
    4 1485 13 21 22 42 65 21 74 31 65 73 47 71 32 46 34
    4 1486 44 21 42 32 55 22 44 33 75 36 44 67 23 37 24
    4 1487 14 12 44 22 45 21 85 11 56 63 52 16 24 56 21
    4 1488 14 12 44 26 43 22 86 11 56 62 55 16 25 56 23
    4 1489 14 12 22 33 45 22 66 33 66 13 54 15 25 56 24
    4 1490 14 12 22 53 45 22 26 33 67 16 54 56 33 73 34
    5   99 34 12 22 32 86 12 72 31 66 63 45 15 46 63 24
    5  100 13 22 21 36 57 21 41 11 66 66 55 67 66 41 33
    5  101 32 21 52 62 67 22 27 23 62 66 54 74 46 46 11
    5  102 31 12 62 32 57 22 86 13 51 21 54 15 11 63 43
    5  103 43 12 42 33 75 22 41 31 75 11 54 12 23 64 44
    5  104 13 22 24 12 54 22 44 13 66 66 45 51 33 43 33
    5  105 41 12 25 26 57 21 68 31 55 36 54 25 42 64 41
    5  106 34 11 25 32 54 12 44 31 67 61 54 57 41 64 44
    5  107 14 11 62 22 65 12 64 31 56 66 45 65 33 34 44
    5  108 44 21 22 23 54 22 66 13 66 16 44 56 33 33 21
    5  109 23 11 22 36 74 22 76 11 65 61 64 11 36 33 33
    5  110 44 12 24 33 75 22 22 11 56 11 58 15 34 42 44
    5  111 42 12 42 63 42 22 46 13 76 66 55 65 16 53 12
    5  112 41 21 12 23 46 21 46 11 76 17 45 51 13 46 11
    5  113 43 22 24 21 75 22 66 33 25 63 42 21 31 33 44
    5  114 44 11 32 12 54 21 76 13 46 66 55 45 33 42 12
    5  115 31 22 22 23 55 22 24 13 56 66 25 45 14 43 34
    5  116 11 21 41 34 41 21 72 13 56 17 52 61 62 46 24
    5  117 44 12 42 32 44 21 82 13 25 62 54 61 63 67 44
    5  118 34 22 12 32 45 22 47 11 55 66 55 51 61 63 44
    5  494 33 22 42 23 45 22 41 31 65 61 54 12 33 34 34
    5  495 14 21 24 13 57 22 44 13 67 61 45 51 32 46 34
    5  496 34 21 44 23 47 22 44 33 67 61 54 12 33 34 34
    5  497 34 21 44 23 47 22 44 33 67 61 55 11 32 36 34
    5  498 14 21 24 13 57 22 44 33 67 61 55 11 32 36 34
    5  499 41 22 22 23 65 22 24 11 66 36 55 16 46 64 23
    5  500 31 12 22 33 85 12 74 31 66 66 45 16 46 64 23
    5  501 33 21 56 63 65 22 28 21 65 62 55 71 41 46 14
    5  502 21 12 22 22 77 22 76 33 21 61 44 45 61 66 14
    5  503 23 11 26 23 75 22 78 31 25 62 45 41 61 46 14
    5  504 33 21 56 62 67 22 26 23 61 61 54 75 41 43 13
    5  713 43 12 24 22 54 22 44 11 65 61 54 52 33 44 44
    5  714 43 22 24 22 54 22 64 13 66 11 44 52 33 34 24
    5  715 44 11 24 33 47 22 64 33 67 61 44 62 33 34 13
    5  716 31 12 22 22 47 22 46 13 71 11 44 75 11 46 44
    5  717 31 12 22 61 45 22 64 13 57 11 45 11 62 36 34
    5  718 12 11 26 33 65 12 68 11 65 72 55 11 31 66 14
    5  719 12 11 22 32 67 12 67 13 62 76 54 14 36 64 11
    5  720 12 11 22 32 67 12 67 13 62 76 54 14 36 64 11
    5  721 44 11 24 33 77 22 24 13 57 11 55 11 32 46 44
    5  722 11 22 52 63 75 12 84 11 56 66 45 56 26 44 13
    5 1000 33 21 42 23 45 21 47 33 66 66 54 11 34 36 32
    5 1001 43 11 42 33 48 21 47 33 66 66 54 11 34 36 32
    5 1002 31 22 42 23 45 22 44 31 66 66 55 16 36 34 33
    5 1003 33 12 64 21 75 22 66 33 15 13 42 51 11 33 34
    5 1004 33 22 54 61 65 22 26 23 65 63 52 71 41 43 14
    5 1005 33 22 54 61 65 22 26 23 65 63 52 71 41 43 14
    5 1006 34 22 52 62 67 22 26 23 62 66 54 72 43 43 14
    5 1007 32 12 62 33 52 22 86 13 56 26 55 75 46 43 11
    5 1008 32 12 62 33 52 22 86 13 56 26 55 15 11 65 41
    5 1151 43 11 22 23 45 11 67 33 66 66 54 41 34 43 13
    5 1152 33 21 22 23 58 21 47 33 66 66 54 51 44 36 42
    5 1386 31 22 44 13 54 22 67 31 55 31 25 16 16 34 42
    5 1387 31 21 51 64 61 21 22 23 66 67 52 71 42 46 14
    5 1388 31 22 54 63 64 22 27 21 65 61 55 76 46 44 12
    5 1389 31 21 51 64 61 21 27 21 65 61 55 76 46 44 12
    5 1390 33 22 45 26 46 22 42 32 66 66 55 17 34 34 31
    5 1391 33 22 45 26 46 22 42 32 66 66 55 17 34 34 31
    5 1392 13 22 25 36 56 22 42 12 66 66 55 67 64 44 31
    5 1393 33 22 45 26 46 22 42 32 66 66 55 17 34 44 31
    5 1491 34 22 52 62 64 21 22 23 65 62 54 71 43 47 14
    5 1492 34 22 52 62 65 22 27 31 65 66 55 11 31 33 34
    5 1493 34 22 52 22 45 22 44 31 65 66 55 15 36 36 34
    6  119 13 21 42 32 65 12 28 33 65 61 75 55 23 66 32
    6  120 44 11 22 21 87 22 42 31 51 13 54 75 33 66 24
    6  121 44 12 66 44 54 11 86 31 56 67 65 72 15 46 44
    6  122 44 21 22 11 77 22 62 11 51 63 55 55 16 33 34
    6  123 12 21 43 61 68 11 84 33 52 33 54 12 56 33 33
    6  124 44 11 24 32 54 22 81 33 65 63 54 56 66 66 44
    6  125 43 11 23 33 45 12 44 31 67 56 25 16 61 63 22
    6  126 24 11 42 26 54 22 46 11 56 66 54 65 61 36 44
    6  127 22 12 24 25 75 12 24 23 66 61 27 67 23 63 32
    6  128 31 22 66 21 34 21 72 11 66 66 45 15 46 63 44
    6  129 32 12 21 31 54 22 64 33 66 61 45 15 41 77 32
    6  130 34 11 61 13 54 12 44 33 67 66 72 76 61 44 44
    6  131 42 22 22 32 27 12 22 13 76 26 65 65 41 73 43
    6  132 11 22 12 31 35 22 71 32 66 13 56 62 34 43 44
    6  133 44 11 62 32 25 21 46 41 65 66 44 16 43 43 42
    6  134 33 21 62 23 45 22 64 33 55 62 45 12 26 64 42
    6  505 42 11 23 11 78 21 24 13 12 33 54 52 66 33 43
    6  506 41 12 24 16 76 21 28 13 15 33 55 51 65 33 33
    6  507 44 11 22 33 54 22 84 31 67 66 55 56 61 63 42
    6  508 44 11 22 33 54 21 84 33 66 65 52 51 66 66 42
    6  509 44 11 42 23 45 22 14 31 57 36 45 66 61 63 42
    6  510 43 11 22 22 85 22 48 33 55 11 55 75 32 66 23
    6  511 43 11 22 22 85 22 48 33 55 11 55 75 32 66 23
    6  723 42 11 23 61 48 21 64 13 62 63 44 52 16 63 43
    6  724 44 11 62 42 58 12 84 33 55 61 65 77 13 46 42
    6  725 24 21 12 13 45 22 44 31 67 16 55 56 11 73 22
    6  726 24 21 12 13 45 22 44 31 67 66 45 16 41 73 32
    6  727 24 21 12 13 45 22 44 31 67 16 55 56 11 73 22
    6  728 24 21 12 13 45 22 41 33 65 63 44 16 46 76 32
    6  729 34 11 24 32 54 22 61 31 67 66 45 16 41 73 32
    6  730 24 21 12 13 45 22 44 31 67 16 55 56 41 73 34
    6 1009 41 12 24 36 46 21 48 13 75 63 55 61 15 33 23
    6 1010 41 12 26 31 54 21 82 31 66 66 54 51 64 66 44
    6 1011 43 12 26 32 43 12 87 31 66 66 54 51 64 66 44
    6 1012 32 12 24 25 55 22 84 33 56 11 57 57 23 63 32
    6 1013 32 12 24 25 55 22 84 33 56 11 57 57 23 63 33
    6 1014 32 12 24 25 55 22 84 33 56 11 57 57 23 63 32
    6 1015 42 12 24 25 85 22 44 33 56 11 57 77 33 63 22
    6 1016 42 12 24 25 85 22 44 33 56 11 57 77 33 63 22
    6 1153 14 21 22 12 58 22 14 33 65 11 55 67 33 46 42
    6 1154 34 21 62 22 48 22 64 33 55 21 55 27 63 46 22
    6 1155 42 12 14 35 45 22 44 33 66 61 77 77 63 43 42
    6 1156 33 11 62 12 55 12 48 33 65 61 75 75 62 46 43
    6 1157 33 11 62 12 55 12 48 33 65 61 75 75 62 46 43
    6 1394 24 21 42 53 54 22 44 31 67 16 75 76 31 33 22
    6 1395 34 11 22 53 54 22 84 31 57 16 55 56 21 63 32
    6 1396 24 22 44 56 56 21 88 33 55 13 55 51 25 63 33
    6 1397 24 21 42 53 54 22 44 31 67 16 75 76 31 33 22
    6 1398 24 22 42 53 52 21 42 31 67 12 56 56 24 63 33
    6 1399 24 22 42 53 52 21 42 31 67 12 76 56 24 67 34
    6 1435 42 12 24 25 55 12 64 13 56 61 47 67 33 33 22
    6 1436 44 11 61 33 24 22 44 43 66 66 47 17 46 44 44
    7  135 41 11 24 62 54 22 68 31 62 31 74 72 16 36 42
    7  136 44 21 42 32 87 22 22 11 66 36 54 52 44 76 23
    7  137 41 12 22 32 65 11 86 11 25 21 44 51 13 34 44
    7  138 41 22 22 62 54 22 22 33 55 66 55 51 21 74 44
    7  139 21 12 12 41 55 22 16 11 61 36 75 72 12 46 22
    7  140 44 12 21 22 55 22 26 34 51 11 45 66 13 63 23
    7  141 23 22 32 33 57 22 44 34 67 12 55 62 31 53 31
    7  142 42 21 22 24 15 21 24 13 55 66 45 16 34 34 41
    7  143 11 12 22 63 75 21 65 33 51 21 84 62 12 66 21
    7  144 43 21 22 63 47 22 64 33 67 16 74 55 31 62 31
    7  145 23 11 42 22 27 22 46 31 56 66 45 51 11 44 21
    7  146 43 12 42 33 45 22 64 33 66 67 45 11 52 73 34
    7  147 32 22 22 53 55 21 84 13 61 16 42 15 63 63 31
    7  148 44 22 22 31 73 12 44 11 13 11 44 55 66 46 43
    7  149 42 11 42 62 45 22 42 11 11 66 54 15 32 36 24
    7  150 44 12 22 22 74 22 26 31 46 17 55 14 36 76 42
    7  151 44 11 62 62 74 22 42 11 26 26 52 11 31 43 42
    7  152 33 21 62 13 73 22 62 13 56 61 54 33 23 66 34
    7  153 44 11 21 31 45 22 44 31 65 61 54 75 36 37 24
    7  154 41 11 21 31 34 11 54 13 66 61 44 11 36 36 24
    7  155 14 21 42 12 55 12 64 11 65 22 74 26 11 33 43
    7  512 31 22 22 36 77 22 46 43 75 22 58 26 11 36 12
    7  513 21 21 32 36 57 22 46 33 65 12 58 62 32 36 11
    7  514 11 22 22 21 55 12 66 11 51 16 45 12 32 46 42
    7  515 11 22 22 21 55 12 66 11 51 16 45 12 32 46 42
    7  516 42 11 21 34 65 12 81 11 26 23 47 57 11 34 42
    7  517 41 12 22 31 65 12 86 11 21 26 45 52 12 36 42
    7  518 14 21 22 22 45 22 22 33 55 61 54 56 21 73 43
    7  519 14 21 22 22 45 22 22 33 55 61 54 16 11 46 42
    7  520 14 11 42 22 47 22 62 31 66 36 74 72 14 36 43
    7  521 14 12 44 23 48 22 82 11 26 13 45 25 64 67 22
    7  731 44 11 42 33 46 21 68 31 66 73 57 17 21 34 42
    7  732 24 11 42 22 25 22 42 33 55 61 44 56 11 43 23
    7  733 41 22 22 61 45 22 66 31 61 16 75 51 33 64 34
    7  734 31 12 22 32 75 21 46 31 75 61 44 51 13 24 14
    7  735 41 22 22 62 45 21 66 31 75 61 44 51 13 24 14
    7  736 41 22 22 61 45 22 66 31 61 16 75 52 32 66 32
    7 1017 14 21 22 62 75 22 62 33 55 21 84 66 11 66 22
    7 1018 34 21 22 32 75 22 42 43 75 21 54 26 11 36 12
    7 1019 34 21 22 32 75 22 62 33 55 21 84 66 11 66 22
    7 1020 31 22 22 32 74 22 42 43 75 26 55 21 11 34 14
    7 1021 14 21 22 62 75 22 62 33 55 26 85 61 11 64 24
    7 1022 14 12 22 63 77 21 64 31 51 21 84 25 26 64 14
    7 1023 24 22 32 31 53 22 64 31 53 21 84 25 26 36 13
    7 1024 24 22 32 33 57 21 44 31 61 11 54 65 36 36 13
    7 1025 12 22 22 13 55 21 64 13 11 66 52 25 23 63 21
    7 1026 43 12 22 35 65 12 88 11 21 26 42 55 13 33 41
    7 1027 13 22 22 15 55 22 68 11 16 61 54 21 26 66 23
    7 1028 12 22 22 13 55 21 64 13 21 66 52 25 23 63 21
    7 1107 41 22 42 31 85 22 26 11 61 36 55 52 42 76 22
    7 1108 11 12 42 32 85 21 26 11 65 31 54 51 43 74 24
    7 1109 11 12 42 21 45 22 86 11 25 11 44 21 43 74 24
    7 1110 44 12 22 22 71 22 24 13 65 66 45 26 44 64 31
    7 1158 24 11 22 22 55 22 22 13 15 61 44 56 21 66 42
    7 1159 24 11 22 22 55 22 22 13 15 61 44 56 21 66 42
    7 1160 41 12 42 66 47 22 46 13 15 62 58 16 31 36 22
    7 1161 41 12 22 32 44 22 42 33 65 66 55 71 31 33 41
    7 1400 41 11 24 23 58 22 22 31 56 13 45 65 14 67 22
    7 1401 41 12 22 22 55 21 26 31 55 11 44 61 13 64 24
    7 1402 41 11 24 23 58 22 22 31 56 13 45 65 14 67 22
    7 1403 31 22 24 23 58 22 22 31 56 13 45 65 14 67 22
    7 1404 34 12 22 22 54 22 26 33 54 11 45 61 13 67 24
    7 1405 34 22 22 32 74 22 46 41 76 27 55 24 16 37 14
    7 1406 34 22 22 32 77 22 42 43 74 21 55 21 13 37 14
    7 1407 13 12 46 21 47 22 86 11 25 16 45 23 42 76 23
    7 1408 13 21 22 13 53 22 62 13 56 11 44 13 33 46 44
    7 1409 13 12 46 21 47 22 86 11 25 16 45 23 42 76 23
    7 1410 13 21 22 13 53 22 62 13 56 11 44 13 33 46 44
    7 1411 13 21 22 13 43 22 82 13 26 11 44 23 43 76 24
    7 1412 44 21 46 36 87 22 24 11 62 32 55 51 43 74 24
    7 1413 44 21 42 32 84 22 22 11 66 36 52 51 41 73 22
    7 1437 14 12 12 12 44 12 46 33 64 11 45 11 61 66 42
    7 1438 14 12 12 12 44 12 46 33 64 61 45 11 33 37 24
    7 1439 13 22 46 11 57 22 46 11 55 26 44 62 14 37 32
    8  156 11 12 22 33 74 22 28 22 77 61 42 15 31 63 22
    8  157 44 12 24 33 46 22 84 11 65 66 84 55 31 33 41
    8  158 44 22 22 12 56 22 52 11 25 56 25 25 61 46 41
    8  159 43 11 11 32 55 22 28 43 64 36 26 15 41 64 32
    8  160 43 11 42 22 17 22 45 11 55 66 71 51 61 33 31
    8  161 44 12 62 35 77 12 64 33 66 63 47 45 56 66 31
    8  162 12 11 22 22 53 22 62 33 66 13 44 17 13 34 33
    8  163 21 12 12 13 75 22 85 33 75 66 44 64 63 63 21
    8  164 33 22 26 61 54 22 22 31 65 66 55 55 32 73 44
    8  165 33 11 22 25 55 11 26 33 25 66 25 15 33 33 42
    8  166 14 12 46 12 56 12 84 11 75 36 47 51 26 77 13
    8  167 11 22 32 16 53 21 24 31 52 66 45 51 31 46 41
    8  168 22 12 42 22 77 22 12 13 66 35 54 71 56 73 34
    8  169 14 22 42 23 54 22 44 11 66 61 42 25 13 66 23
    8  170 11 21 42 33 76 21 18 11 66 51 42 62 13 63 34
    8  171 32 21 22 23 46 22 46 33 62 46 44 61 35 66 23
    8  172 13 21 22 12 54 22 44 11 56 36 45 52 15 35 11
    8  173 42 21 12 11 84 21 61 11 56 63 57 75 16 44 13
    8  174 31 12 32 12 57 22 44 13 64 12 54 67 56 66 14
    8  175 12 12 21 32 28 22 64 11 37 31 45 25 34 63 24
    8  176 33 21 22 61 46 11 56 23 66 66 52 17 63 45 34
    8  522 44 21 26 23 67 21 26 13 56 66 54 54 15 66 13
    8  523 44 22 22 25 67 22 24 13 56 63 57 55 16 66 11
    8  524 14 22 24 33 46 22 84 21 75 66 44 15 33 63 24
    8  525 14 21 22 33 46 22 84 21 75 16 24 55 11 33 21
    8  526 14 21 22 33 44 22 88 21 76 66 48 15 33 63 24
    8  527 14 11 22 33 74 22 88 21 76 16 28 55 13 33 24
    8  528 34 11 41 23 15 22 42 14 56 63 72 51 64 36 33
    8  529 43 11 41 22 15 22 48 13 54 66 76 55 61 34 32
    8  530 34 11 21 23 75 22 52 13 54 66 16 15 11 34 12
    8  737 34 21 62 13 44 22 28 11 56 66 58 55 23 36 42
    8  738 31 22 22 63 54 22 28 32 67 66 54 51 23 36 42
    8  739 34 21 62 13 44 22 28 11 56 66 58 55 23 33 44
    8  740 31 22 62 13 44 22 28 11 56 66 58 55 23 33 44
    8  741 14 11 41 13 55 12 82 14 76 33 42 51 24 76 13
    8  742 13 11 44 12 51 12 84 11 75 36 47 55 26 73 13
    8 1029 41 22 23 21 63 21 24 11 52 66 55 41 51 66 31
    8 1030 13 11 22 35 75 21 86 23 75 16 25 55 13 33 24
    8 1031 13 11 22 35 75 21 86 23 75 16 25 55 13 33 22
    8 1032 42 11 21 31 47 22 88 23 77 16 24 56 16 36 22
    8 1033 41 21 42 32 63 22 42 13 56 63 44 57 33 34 43
    8 1034 41 21 22 32 43 22 82 23 76 61 44 11 31 63 23
    8 1035 41 21 42 32 65 22 46 13 56 61 44 51 31 34 43
    8 1111 34 12 12 25 57 22 82 31 45 66 65 55 11 46 21
    8 1112 34 12 42 25 17 22 44 13 56 63 77 55 66 36 31
    8 1113 34 12 12 22 56 22 82 11 55 66 75 55 61 36 31
    8 1114 44 12 42 22 16 22 42 11 55 66 75 55 61 36 31
    8 1115 34 12 12 25 57 22 84 33 46 63 67 55 16 46 21
    8 1116 44 12 42 22 16 22 42 11 55 66 75 55 61 36 31
    8 1117 31 11 22 23 76 21 58 11 56 61 12 12 13 43 24
    8 1162 34 12 32 12 56 22 42 11 65 16 55 65 51 66 11
    8 1163 34 12 32 12 56 22 42 11 65 16 55 65 51 66 11
    8 1164 24 21 22 23 74 22 28 31 66 56 48 15 63 36 42
    8 1165 41 22 22 33 44 22 48 12 67 16 24 51 33 66 32
    8 1166 41 22 22 33 44 22 48 12 67 16 24 51 33 66 32
    8 1167 13 22 42 26 55 22 42 13 66 16 25 55 32 63 34
    8 1168 11 22 42 23 54 22 48 12 67 66 44 21 13 66 22
    8 1169 33 11 21 62 45 12 58 23 64 66 56 15 61 46 31
    8 1170 14 22 22 12 56 22 42 11 55 36 45 55 11 36 11
    8 1256 14 22 21 31 48 22 86 11 65 66 87 55 36 34 43
    8 1257 44 12 22 35 47 22 82 11 65 66 85 55 31 36 41
    8 1258 33 21 61 12 45 22 28 13 54 66 56 55 21 34 42
    8 1259 34 22 62 15 47 22 22 11 55 66 55 55 21 36 41
    8 1414 43 22 22 52 74 22 44 33 66 34 74 56 63 66 12
    8 1415 42 21 22 53 76 22 46 33 62 36 74 51 65 66 13
    8 1494 41 11 22 23 72 22 26 11 63 63 84 52 33 66 22
    8 1495 22 22 21 22 78 22 24 31 67 51 45 15 64 33 44
    8 1496 42 12 21 32 48 22 84 11 67 61 85 55 34 63 24
    9  177 43 21 64 32 45 22 44 13 56 26 44 51 61 64 44
    9  178 11 22 24 22 53 22 26 11 36 11 54 12 36 64 44
    9  179 33 12 42 32 45 22 26 13 66 61 72 55 36 63 34
    9  180 34 21 44 33 57 12 41 11 66 76 58 75 13 44 41
    9  181 41 21 44 32 78 22 22 12 56 11 74 72 13 16 43
    9  182 23 22 56 62 55 22 66 33 66 16 24 25 61 57 44
    9  183 13 11 24 16 14 22 86 12 76 56 42 11 36 36 24
    9  184 34 22 22 62 57 12 68 11 65 61 45 11 46 47 12
    9  185 14 12 42 32 55 22 25 31 62 33 85 55 61 46 32
    9  186 34 21 42 12 77 22 62 33 76 67 45 15 65 65 11
    9  187 43 21 24 22 54 12 84 31 56 71 55 65 26 46 41
    9  188 42 22 41 13 57 22 64 33 66 61 55 52 16 36 42
    9  189 23 22 21 36 25 21 46 33 25 71 44 61 11 47 13
    9  190 21 21 22 12 47 22 42 13 55 16 57 61 26 33 24
    9  531 34 21 24 23 57 22 61 31 66 16 28 55 63 34 41
    9  532 34 11 44 33 47 22 21 11 66 16 28 55 63 34 41
    9  533 33 12 42 66 45 21 66 21 66 66 24 11 64 64 42
    9  534 34 12 42 62 47 22 68 21 65 61 25 11 66 67 42
    9  535 14 22 26 23 54 22 24 13 36 16 54 11 31 64 44
    9  536 13 21 24 22 55 22 24 13 36 16 54 11 31 64 44
    9  537 13 21 44 22 35 22 64 13 66 16 44 25 66 46 44
    9 1036 42 12 45 36 75 22 16 13 66 61 82 52 36 45 14
    9 1037 31 12 42 32 45 22 22 11 63 11 25 51 63 36 44
    9 1038 33 11 44 32 45 22 24 13 66 16 24 51 61 34 44
    9 1039 43 11 44 32 75 22 14 13 66 66 24 51 61 34 44
    9 1040 33 11 44 32 75 22 14 13 66 66 84 51 31 44 14
    9 1041 32 12 44 61 45 22 66 23 66 66 25 15 61 63 44
    9 1042 42 22 21 23 77 22 84 13 56 16 55 15 61 63 44
    9 1043 11 21 44 23 55 22 42 33 66 63 45 55 61 66 42
    9 1044 34 12 42 22 55 22 42 33 66 63 48 55 66 64 43
    9 1045 11 21 44 23 35 22 65 11 62 63 45 55 61 66 42
    9 1046 44 22 64 33 47 22 42 31 65 61 47 17 31 61 44
    9 1171 33 21 44 13 74 22 64 33 76 66 44 11 61 64 14
    9 1222 34 11 44 63 47 22 61 21 66 66 22 15 66 63 44
    9 1223 33 11 24 62 55 12 64 13 66 66 24 11 61 64 44
    9 1224 33 21 24 62 55 12 64 13 66 66 44 11 41 64 44
    9 1225 34 21 24 63 57 12 61 11 66 66 42 15 46 43 24
    9 1416 13 21 24 22 54 22 24 11 36 11 55 15 36 66 41
    9 1417 13 21 24 22 54 22 24 11 36 11 55 15 36 66 41
    9 1440 34 21 14 63 57 12 61 31 56 16 42 11 16 76 34
    9 1497 31 21 42 12 77 22 62 33 65 66 47 11 62 63 12
   10  191 14 22 12 16 45 12 42 33 65 66 55 27 36 46 14
   10  192 44 11 62 62 84 21 45 14 66 66 57 11 66 33 44
   10  193 11 22 61 13 76 22 26 13 46 67 84 62 33 74 43
   10  194 33 11 42 26 84 12 72 33 66 26 45 15 66 37 44
   10  195 34 22 64 11 55 21 61 31 55 66 66 25 66 66 43
   10  196 11 11 43 61 24 21 24 11 52 11 22 66 62 34 12
   10  197 13 21 14 22 85 21 86 13 66 36 84 26 43 33 42
   10  198 24 22 62 22 54 22 24 11 55 76 54 57 34 36 44
   10  199 14 22 24 23 64 22 66 11 51 16 42 15 14 33 11
   10  200 43 22 22 32 67 22 25 31 66 31 44 57 13 66 44
   10  201 32 22 42 12 55 12 64 31 65 66 25 21 46 44 34
   10  202 14 11 12 62 65 22 67 34 66 66 44 27 46 43 32
   10  203 34 11 24 32 75 22 44 31 55 36 75 77 11 34 34
   10  204 34 12 22 22 56 21 57 11 66 16 42 51 13 56 34
   10  205 31 21 12 41 57 22 64 41 51 71 57 26 23 35 33
   10  206 34 11 11 42 55 12 28 33 76 61 45 75 12 35 21
   10  207 11 12 22 22 55 22 61 33 75 61 45 67 31 46 34
   10  208 44 21 12 12 67 12 24 33 66 15 47 71 23 36 34
   10  209 14 12 22 32 57 11 27 13 72 26 62 51 16 63 23
   10  538 41 21 43 11 54 11 14 11 52 61 62 56 62 64 32
   10  539 31 21 64 16 52 22 62 31 55 61 62 56 66 63 31
   10  540 41 21 43 11 54 11 14 11 52 61 62 56 62 64 32
   10  541 44 21 26 66 58 22 24 31 56 66 55 71 66 63 44
   10  542 44 21 26 66 58 22 24 31 56 66 55 71 66 63 44
   10  543 13 21 14 32 68 21 67 13 46 62 84 21 36 43 34
   10  544 13 21 62 16 74 22 22 13 46 66 84 61 36 73 44
   10  545 13 21 64 12 78 21 27 13 46 66 84 61 36 73 44
   10  546 13 21 62 16 74 22 22 13 46 66 85 65 36 77 44
   10  743 33 11 44 22 58 11 67 13 66 32 84 61 36 33 24
   10  744 11 22 26 21 67 22 62 11 54 16 48 16 13 37 14
   10  745 43 21 42 36 44 22 62 13 16 66 24 51 46 33 14
   10  746 43 21 42 36 44 22 62 13 16 66 24 11 16 33 14
   10  747 41 11 24 26 52 22 72 41 65 61 42 76 66 33 21
   10  844 41 11 32 11 47 12 44 11 21 11 27 66 23 45 23
   10  845 11 11 32 11 47 12 44 11 51 61 67 56 63 65 33
   10  846 44 22 22 63 56 22 22 33 56 63 54 75 61 66 44
   10  847 44 12 62 63 86 22 42 13 66 63 54 15 61 36 44
   10  848 44 22 22 63 56 22 22 31 56 61 54 77 63 66 44
   10  849 43 12 62 62 87 22 45 11 66 61 54 17 63 36 44
   10  850 44 22 62 63 86 22 42 11 66 61 54 15 61 36 44
   10  851 44 22 22 63 56 22 22 33 56 63 54 75 61 66 44
   10  852 44 12 62 62 84 22 44 11 65 66 54 77 64 66 44
   10  853 32 12 22 62 45 22 24 31 65 66 55 51 66 74 44
   10  854 32 12 22 61 45 21 26 33 66 66 85 61 36 74 44
   10  855 34 12 44 21 85 11 71 31 65 66 46 15 66 36 43
   10 1172 34 12 22 33 76 22 42 33 56 33 74 75 11 36 34
   10 1173 44 12 42 26 55 22 42 13 55 66 55 77 16 46 44
   10 1174 34 11 26 26 58 22 54 11 66 16 45 51 16 53 34
   10 1175 44 12 22 23 76 22 42 33 65 56 75 15 31 66 44
   10 1176 44 12 22 26 76 22 42 33 66 53 74 15 31 66 44
   10 1260 43 21 21 34 65 22 28 13 66 11 45 75 32 65 41
   10 1261 41 21 62 62 85 22 46 13 67 66 54 16 63 34 43
   10 1262 41 21 62 62 85 22 46 13 67 66 54 16 63 34 43
   10 1263 41 21 62 62 85 22 46 13 67 66 54 16 63 34 43
   10 1264 34 21 46 16 58 12 14 11 66 66 45 11 66 33 44
   10 1265 33 12 42 22 87 12 75 31 66 61 44 17 63 36 44
   10 1266 34 11 46 26 88 12 74 31 66 61 44 17 63 36 44
   10 1267 44 21 46 16 58 12 14 11 56 66 65 51 66 63 34
   10 1268 34 11 46 26 87 12 74 31 66 66 45 11 63 36 44
   10 1441 14 11 26 36 58 12 74 31 26 66 25 11 66 33 34
   11  210 31 22 24 32 77 22 84 13 32 61 85 65 53 64 41
   11  211 44 21 22 62 46 22 26 33 57 66 55 27 26 54 23
   11  212 24 12 62 32 65 22 68 11 56 16 42 55 11 63 34
   11  213 44 21 12 34 13 22 44 33 57 61 75 56 25 73 43
   11  214 31 21 42 14 56 22 24 31 55 36 44 56 63 33 13
   11  215 23 21 24 23 74 12 67 13 72 32 54 52 56 63 44
   11  216 42 11 24 12 44 21 24 11 75 61 44 42 13 36 24
   11  217 24 11 22 32 57 12 62 33 65 66 54 11 41 34 23
   11  218 41 11 46 23 56 22 66 11 46 76 44 15 66 66 43
   11  219 34 12 62 12 44 22 44 13 56 63 78 55 11 77 24
   11  220 24 21 24 23 76 22 66 13 65 36 45 55 33 41 42
   11  221 34 21 24 36 57 22 46 13 55 66 44 12 12 43 14
   11  222 41 21 12 25 14 21 12 13 66 66 42 22 11 27 42
   11  223 41 11 22 33 44 12 86 31 76 62 44 56 46 67 13
   11  224 21 11 22 33 55 12 64 31 65 26 45 17 56 43 43
   11  225 11 21 22 24 44 11 12 43 25 66 54 27 31 74 24
   11  226 21 11 22 22 47 22 16 13 77 66 56 52 35 36 31
   11  227 34 11 22 33 67 21 42 32 64 56 52 15 36 34 31
   11  228 43 12 42 62 57 22 44 33 56 67 42 25 22 36 14
   11  229 23 21 22 24 74 22 42 12 66 67 22 16 16 66 24
   11  230 41 22 61 42 56 12 66 32 62 66 45 61 56 67 34
   11  547 14 22 42 26 74 22 42 33 25 16 55 52 32 45 13
   11  548 34 21 42 22 76 22 46 33 27 16 55 57 36 44 13
   11  549 34 22 22 36 74 22 82 13 35 66 85 67 56 64 43
   11  550 42 11 22 13 45 21 26 13 76 66 44 41 11 34 23
   11  551 24 11 42 22 47 12 42 13 55 16 44 21 14 33 22
   11  552 22 11 42 23 45 11 46 13 56 16 45 21 34 63 42
   11  553 42 11 22 13 45 21 46 13 56 16 45 21 34 63 42
   11  554 12 12 22 42 67 21 46 11 57 63 45 65 35 36 34
   11  555 33 21 44 13 54 22 27 33 52 32 44 52 66 33 14
   11  556 42 11 26 43 36 22 46 31 75 11 54 65 21 76 43
   11  557 42 21 16 33 15 22 48 31 56 66 72 55 21 33 34
   11  558 44 22 12 32 15 22 48 31 55 61 74 55 21 76 43
   11  748 34 11 62 14 43 22 44 13 57 61 75 56 12 77 24
   11  749 44 12 41 33 61 22 64 33 55 66 57 55 32 17 24
   11  750 24 22 21 23 71 22 64 13 65 36 47 55 32 47 44
   11  751 44 12 42 32 65 22 68 31 55 61 54 55 31 16 23
   11  752 44 12 41 33 61 22 64 33 55 66 57 55 32 17 24
   11  753 24 22 41 33 61 22 64 33 55 66 57 55 32 16 23
   11  754 22 11 22 32 54 11 64 31 65 21 44 12 53 46 44
   11  755 22 11 22 33 55 11 66 31 65 21 44 12 53 46 44
   11  756 44 12 42 66 74 22 62 33 55 66 48 26 25 36 44
   11  757 33 22 22 33 57 22 48 11 53 66 45 17 16 44 13
   11  758 33 22 22 33 57 22 48 31 53 66 48 26 25 36 44
   11  856 42 11 26 23 65 22 68 31 26 16 52 55 31 43 14
   11  857 44 12 21 23 61 22 64 33 75 66 57 75 62 43 33
   11  858 42 11 26 23 65 22 68 31 76 16 52 55 31 43 13
   11  859 14 21 44 22 75 22 46 31 24 17 54 51 36 46 14
   11  860 44 21 24 62 45 22 26 31 54 67 54 21 26 56 34
   11  861 21 12 22 32 54 11 61 34 65 66 54 17 41 34 24
   11  862 21 11 22 32 54 11 61 34 62 66 55 12 43 37 22
   11  863 21 11 22 34 54 11 62 33 65 66 54 17 41 34 24
   11  864 21 11 42 23 44 12 46 11 56 12 44 16 46 37 23
   11  865 41 11 22 23 74 22 26 31 56 62 44 16 46 37 23
   11  866 41 11 42 23 44 12 46 11 56 12 44 26 16 37 23
   11  867 41 11 22 23 74 22 26 31 56 66 44 15 44 36 21
   11  868 41 11 22 23 74 12 46 11 56 12 44 26 16 37 23
   11  869 14 11 22 43 65 21 46 13 56 66 54 51 51 64 43
   11  870 22 21 22 23 75 12 62 11 77 36 54 54 51 63 42
   11  871 22 21 22 23 75 11 66 13 76 36 54 51 51 64 43
   11  872 22 21 22 23 75 11 46 13 56 66 44 61 31 34 33
   11  873 24 21 22 41 64 22 42 11 57 36 54 54 51 63 42
   11  874 31 11 42 35 44 21 72 31 26 26 44 22 61 32 44
   11 1177 32 11 22 33 65 21 46 33 66 56 54 51 61 44 13
   11 1178 22 12 22 22 47 21 16 11 77 63 55 55 35 36 34
   11 1179 12 12 22 22 77 21 66 31 77 63 65 25 55 66 14
   11 1180 12 11 22 23 75 21 66 33 76 66 64 21 51 64 13
   11 1269 44 11 22 23 65 21 66 33 76 66 54 71 61 44 33
   11 1270 44 21 12 33 15 21 46 33 56 66 74 51 21 34 33
   11 1271 41 21 12 34 15 21 46 33 56 66 54 71 65 46 34
   11 1272 44 11 24 16 45 22 24 13 75 66 44 42 12 33 21
   11 1442 32 12 22 42 47 21 26 21 67 73 25 65 65 66 44
   11 1443 44 21 62 43 55 11 66 33 66 66 44 61 51 64 33
   12  231 33 22 22 21 54 11 42 11 63 63 75 14 66 36 14
   12  232 14 11 22 43 46 12 88 11 62 66 45 15 32 43 34
   12  233 43 11 22 26 58 22 44 34 62 11 77 76 26 33 14
   12  234 14 21 22 21 35 22 81 32 76 76 57 13 16 77 12
   12  235 34 21 22 32 17 22 26 13 66 62 42 75 66 37 44
   12  236 23 12 24 62 57 22 42 11 66 12 58 56 44 66 24
   12  237 41 22 24 31 75 22 14 11 65 11 54 57 31 44 32
   12  238 33 21 22 33 55 12 66 11 66 31 85 16 16 66 34
   12  239 12 22 22 22 54 11 44 13 62 66 55 65 16 44 44
   12  240 41 22 12 13 64 11 24 11 64 36 45 65 42 17 34
   12  241 44 21 44 63 55 22 26 13 66 61 14 15 16 73 44
   12  242 33 11 42 32 47 22 45 11 61 36 45 61 24 34 11
   12  559 31 21 22 24 54 11 48 11 66 66 74 11 63 34 13
   12  560 34 21 22 13 46 12 28 11 32 36 55 45 62 63 44
   12  561 32 21 22 36 15 22 24 11 66 61 45 75 64 36 42
   12  562 32 21 22 36 15 22 24 11 66 61 45 75 64 36 42
   12  563 33 22 24 32 17 22 22 11 66 62 48 76 64 36 44
   12  564 31 12 22 62 83 22 48 43 26 16 77 63 66 37 41
   12  565 44 12 22 22 53 22 48 33 67 17 75 71 61 37 41
   12  759 13 21 42 16 58 22 44 14 52 11 47 76 16 43 24
   12  760 11 22 42 16 58 22 44 14 52 11 47 76 16 43 24
   12  761 12 21 22 36 45 12 44 11 46 61 55 55 24 76 42
   12  762 42 21 12 16 65 12 24 11 66 31 45 65 44 16 32
   12  763 13 22 22 33 41 12 42 11 46 66 54 57 26 73 44
   12  764 43 22 12 13 61 12 22 11 66 36 45 65 44 16 32
   12  875 13 12 22 43 45 11 86 11 66 63 48 11 31 46 33
   12  876 13 12 22 43 45 11 86 11 66 63 48 11 31 46 33
   12  877 34 22 22 12 43 12 28 13 37 37 55 41 61 67 41
   12  878 34 22 22 12 43 12 28 13 37 37 55 41 61 67 41
   12  879 44 11 22 32 65 22 84 13 26 61 57 57 26 33 44
   12  880 34 22 24 36 15 22 22 11 66 61 44 75 66 33 44
   12  881 34 21 44 23 75 22 26 13 66 21 84 65 46 33 44
   12  882 22 12 22 62 55 21 44 11 66 16 55 56 41 64 24
   12 1226 13 21 22 32 47 12 45 11 41 66 55 51 24 74 41
   12 1227 13 21 24 33 44 12 24 11 66 63 44 76 62 33 41
   12 1228 13 21 22 32 47 12 45 11 41 66 55 51 24 74 41
   12 1273 41 12 22 33 64 21 84 11 24 61 55 55 24 36 42
   12 1274 41 12 22 26 55 22 44 31 66 11 75 75 64 36 42
   12 1275 42 11 22 26 55 22 44 31 66 11 75 75 64 36 42
   13  243 43 12 22 31 74 22 25 13 74 16 42 57 13 76 24
   13  244 33 11 46 14 47 22 46 13 63 66 85 21 36 37 14
   13  245 44 22 22 32 75 22 66 11 66 17 54 26 13 44 32
   13  246 33 11 52 23 37 12 82 33 51 62 72 52 11 34 43
   13  247 32 12 12 31 45 22 24 13 17 11 45 65 21 53 13
   13  248 11 22 22 22 24 12 44 11 75 66 54 77 14 23 14
   13  249 43 22 44 32 55 22 64 33 52 16 24 14 14 34 34
   13  250 12 11 42 36 25 22 64 31 67 16 74 55 42 33 43
   13  251 41 21 22 13 75 21 84 11 56 66 54 55 63 33 14
   13  252 21 11 26 23 64 11 21 43 66 16 57 54 43 34 23
   13  253 32 11 12 12 53 12 72 21 35 16 44 65 63 16 23
   13  254 41 22 26 31 13 22 45 11 66 63 44 15 13 44 11
   13  255 23 12 24 23 65 21 44 23 61 36 45 75 61 36 13
   13  256 44 21 42 63 47 12 44 33 66 16 57 54 31 65 31
   13  257 44 22 42 23 55 22 46 31 66 66 45 51 11 67 34
   13  258 43 12 21 12 57 12 62 33 62 31 71 11 63 34 43
   13  259 41 21 62 66 67 22 24 13 55 51 27 15 63 66 44
   13  260 34 22 11 22 47 22 82 14 72 11 48 71 63 57 43
   13  261 24 21 16 36 76 22 25 33 75 37 25 65 36 66 34
   13  262 41 11 22 32 45 21 72 33 67 76 74 55 14 43 11
   13  263 43 11 64 33 75 12 66 11 56 66 54 55 36 63 42
   13  566 31 12 42 12 44 22 44 11 65 66 84 27 31 32 11
   13  567 31 12 62 42 72 21 64 31 35 66 54 17 64 73 44
   13  568 31 12 62 42 72 21 64 31 37 66 55 17 61 72 41
   13  569 31 12 42 12 44 22 44 11 65 66 84 27 34 33 14
   13  570 31 12 42 12 42 21 64 11 65 66 84 27 34 33 14
   13  571 34 12 52 22 35 12 86 31 56 67 74 56 13 34 42
   13  572 34 12 52 22 35 12 86 31 16 27 24 26 13 44 32
   13  573 34 12 52 22 35 12 86 31 56 67 74 56 13 34 42
   13  574 34 12 52 23 37 12 86 31 56 61 75 52 11 34 43
   13  575 42 22 22 11 45 22 54 33 47 61 25 75 31 63 43
   13  576 32 22 22 11 45 22 54 13 77 11 45 55 11 73 23
   13  765 33 21 44 21 54 22 64 31 56 16 28 12 13 33 31
   13  766 41 22 42 32 54 22 64 31 25 66 44 47 41 42 41
   13  767 43 21 24 11 74 22 84 11 56 66 58 52 63 33 11
   13  768 14 12 65 32 43 11 18 33 61 62 72 42 31 44 33
   13  769 24 12 22 32 45 12 16 31 66 67 74 46 33 44 32
   13  770 14 12 62 32 45 12 16 31 66 67 72 42 31 44 33
   13  771 13 11 65 32 43 11 18 33 61 62 72 46 33 44 32
   13  772 43 21 24 31 14 22 46 11 66 66 48 12 13 43 11
   13  773 11 22 62 12 32 21 56 11 66 36 48 52 33 43 11
   13  774 24 12 22 21 34 22 24 13 57 61 45 55 31 63 33
   13  883 13 22 21 22 27 12 42 13 72 61 51 71 13 24 13
   13  884 13 22 21 22 27 12 46 13 76 63 57 71 16 23 14
   13  885 34 11 42 13 47 22 44 13 66 66 87 24 31 35 11
   13  886 32 11 52 26 35 12 84 31 57 66 74 55 12 33 43
   13  887 34 12 52 23 35 12 86 31 56 66 75 51 11 37 34
   13  888 34 12 54 22 35 12 84 33 56 66 74 55 11 37 44
   13  889 33 12 54 23 35 12 84 32 56 63 74 57 16 33 41
   13  890 33 12 54 23 35 11 84 33 51 76 45 65 11 36 43
   13  891 33 21 26 14 47 22 56 13 73 16 44 57 14 73 24
   13  892 21 22 22 12 52 21 44 31 75 16 55 51 16 37 34
   13  893 33 21 26 14 47 22 56 13 73 16 45 51 16 37 34
   13 1181 12 12 22 61 75 22 24 13 57 51 25 15 61 63 43
   13 1182 42 22 22 61 75 22 44 33 57 11 75 55 31 63 43
   13 1229 24 11 26 26 56 22 65 13 65 77 45 45 36 46 34
   13 1230 44 21 26 26 56 22 65 13 65 73 42 66 33 46 23
   13 1231 11 11 62 32 45 11 12 33 67 66 74 45 34 43 31
   13 1232 11 11 62 32 45 11 12 33 67 66 74 45 34 43 31
   13 1233 13 12 62 31 44 12 85 31 17 21 24 25 11 43 33
   13 1234 43 21 56 24 37 12 86 33 13 26 25 21 16 47 34
   13 1235 43 22 52 21 34 12 86 33 13 26 25 21 16 47 34
   13 1236 34 11 54 33 45 12 16 31 66 66 75 45 33 46 34
   13 1237 13 11 64 33 45 12 16 31 66 66 74 45 36 43 32
   13 1276 33 22 21 12 44 22 58 11 77 11 44 57 16 75 24
   14  264 43 21 12 21 54 12 48 13 67 66 44 75 16 43 42
   14  265 33 22 62 63 47 22 25 33 25 66 44 26 41 46 33
   14  266 34 12 62 32 17 22 62 13 75 67 44 16 24 46 14
   14  267 23 22 32 42 55 22 84 11 56 61 47 11 63 43 31
   14  268 13 21 42 33 17 22 44 11 25 16 67 52 63 74 12
   14  269 24 11 22 22 75 22 76 11 57 16 65 75 63 66 11
   14  270 34 21 21 31 58 21 26 11 53 66 52 45 63 33 43
   14  271 34 11 22 24 55 21 66 11 46 76 54 15 23 37 14
   14  272 33 22 41 31 71 21 62 33 54 61 54 65 14 33 11
   14  273 44 22 43 11 55 12 74 43 56 56 54 57 51 43 43
   14  274 12 12 24 23 67 12 28 11 37 66 44 55 44 43 33
   14  275 14 21 34 36 45 22 42 11 66 66 44 16 14 36 21
   14  276 34 11 22 21 47 12 64 31 66 63 56 11 63 56 34
   14  277 14 22 42 32 55 22 42 13 61 16 44 17 12 46 12
   14  278 33 12 16 22 57 22 56 33 66 63 25 51 41 64 11
   14  279 43 22 65 13 44 22 67 33 25 63 28 17 32 24 41
   14  280 33 21 25 23 55 11 74 11 55 11 15 51 32 51 13
   14  281 34 11 22 12 45 22 22 13 26 61 43 66 43 33 14
   14  282 13 12 21 14 57 11 64 32 25 33 56 15 23 74 44
   14  283 14 11 62 21 35 12 23 31 61 33 74 57 13 35 42
   14  284 44 21 66 34 24 11 24 31 56 61 24 57 21 33 23
   14  577 33 22 22 32 75 22 54 31 56 61 47 61 13 63 31
   14  578 32 22 23 34 75 22 58 31 55 66 44 61 16 64 33
   14  579 44 22 12 22 57 12 42 13 65 67 44 76 14 36 24
   14  580 34 12 22 12 47 22 82 33 75 67 44 56 64 36 24
   14  581 44 22 12 22 57 12 42 13 65 67 44 76 14 46 44
   14  582 34 21 22 32 55 22 26 11 54 67 55 41 62 33 31
   14  583 33 21 22 32 55 22 26 11 54 67 55 41 62 33 41
   14  584 44 11 12 14 85 11 66 11 36 66 24 55 33 37 34
   14  585 43 11 12 12 85 12 66 11 54 67 55 41 62 33 41
   14  586 12 21 42 32 17 22 46 11 27 16 65 55 63 76 11
   14  587 12 11 22 32 75 22 46 11 57 66 75 25 33 46 21
   14  588 14 21 42 32 15 22 46 11 27 16 65 55 33 46 21
   14  775 24 21 41 31 78 21 86 11 73 66 42 55 43 43 33
   14  776 24 21 41 31 78 21 86 11 33 66 42 55 43 47 34
   14  777 34 11 22 22 45 12 66 31 67 66 55 15 63 56 31
   14  778 34 11 22 22 45 12 66 31 67 66 55 15 63 56 31
   14  779 43 22 22 33 55 22 42 11 65 16 45 14 16 43 14
   14  780 43 21 22 22 55 22 26 31 15 66 45 74 26 63 24
   14  894 24 22 32 42 57 22 82 13 55 67 44 16 64 46 34
   14  895 34 22 22 32 77 22 82 13 55 67 44 16 64 46 34
   14  896 34 22 32 42 57 22 82 13 55 67 44 16 64 46 34
   14  897 34 22 21 32 75 21 54 31 56 66 44 67 11 64 34
   14  898 24 22 32 42 57 22 82 13 55 67 44 16 64 46 34
   14  899 34 22 24 21 55 21 47 14 65 16 74 17 31 33 13
   14  900 34 22 23 21 55 22 44 13 66 16 74 17 31 33 13
   14  901 43 21 21 22 75 22 25 33 56 76 42 65 44 66 41
   14  902 41 22 13 23 54 12 44 11 66 76 44 61 41 63 42
   14  903 41 22 13 23 54 12 44 11 66 66 44 71 11 33 22
   14  904 44 21 14 26 55 12 42 11 66 66 44 71 11 33 22
   14 1047 14 12 26 31 74 22 66 13 72 66 52 51 33 62 14
   14 1048 14 11 22 32 75 22 46 11 54 67 75 21 32 43 23
   14 1049 23 12 22 23 55 22 62 11 55 66 75 24 36 43 23
   14 1050 14 11 22 32 75 22 46 11 54 67 75 21 32 63 11
   14 1051 23 12 22 23 55 22 62 11 75 66 55 54 36 63 13
   14 1052 13 22 44 33 17 21 62 13 74 61 54 55 34 63 11
   14 1053 13 22 44 33 17 22 46 13 25 66 55 56 31 63 11
   14 1183 32 21 12 42 75 12 46 21 57 36 65 54 33 46 41
   14 1184 33 22 12 43 75 12 62 31 25 36 55 54 36 43 43
   14 1185 33 22 12 43 75 12 42 21 55 36 65 54 36 43 43
   14 1186 31 11 52 33 57 12 44 11 55 16 57 12 23 14 32
   14 1277 43 21 22 21 74 22 22 31 52 76 44 16 64 43 31
   14 1278 31 21 36 21 75 22 23 31 51 73 44 67 43 65 42
   14 1279 44 21 26 24 74 21 84 11 56 61 44 17 61 43 33
   14 1280 44 22 26 23 72 21 22 13 55 66 42 65 42 43 32
   14 1281 42 21 22 22 75 22 26 31 55 76 47 62 43 64 42
   14 1282 43 22 22 22 75 22 26 31 55 76 47 62 43 64 42
   14 1283 43 22 32 43 55 22 82 11 55 66 45 14 66 43 32
   14 1284 43 22 22 23 75 22 22 31 55 76 45 64 46 43 33
   15  285 41 12 42 23 16 22 26 13 62 36 56 11 22 33 24
   15  286 14 22 22 26 43 22 64 13 61 21 52 15 31 55 43
   15  287 43 11 24 41 57 11 51 13 75 61 44 12 34 66 41
   15  288 14 11 32 31 11 22 86 33 52 36 44 71 62 36 11
   15  289 14 22 32 23 73 21 42 11 66 66 54 16 13 35 11
   15  290 44 12 22 11 65 21 46 12 66 16 45 55 63 76 44
   15  291 41 22 11 23 86 22 64 32 76 71 45 77 34 63 41
   15  292 31 22 22 33 77 22 26 34 65 65 45 57 43 33 42
   15  293 34 11 21 62 56 21 66 13 65 76 75 67 46 33 31
   15  294 44 21 22 32 55 21 42 13 56 66 55 55 65 33 42
   15  295 24 22 43 23 27 12 14 13 65 65 77 25 21 63 42
   15  296 34 11 32 63 65 12 84 11 65 35 22 75 22 64 43
   15  297 24 21 24 26 27 22 56 11 62 16 56 15 35 64 24
   15  298 43 12 42 11 14 22 44 13 57 12 44 57 36 44 13
   15  299 42 21 24 33 75 22 21 44 66 66 44 41 61 63 33
   15  300 14 21 24 63 74 22 46 31 55 67 22 52 16 34 44
   15  301 32 12 42 16 55 22 28 33 62 66 12 24 21 46 14
   15  302 44 22 42 32 46 21 82 41 57 13 55 51 62 76 44
   15  303 44 22 12 31 45 11 48 11 56 36 64 16 43 66 12
   15  304 43 11 22 33 54 22 67 11 56 66 75 15 11 53 42
   15  305 43 22 62 36 54 21 42 13 66 61 25 72 61 33 44
   15  589 14 21 12 31 66 22 44 21 66 11 54 75 46 37 14
   15  590 14 22 12 31 65 21 46 22 66 11 54 75 43 36 14
   15  591 14 22 12 31 65 21 46 22 66 16 55 75 43 36 14
   15  592 11 21 23 33 61 22 68 33 25 63 64 17 26 33 41
   15  593 11 21 23 33 61 22 68 33 25 63 64 17 26 33 41
   15  594 14 21 22 24 45 21 45 31 17 16 24 51 13 56 34
   15  595 43 21 24 64 35 21 45 31 17 16 24 11 33 56 44
   15  596 14 21 22 24 45 21 65 11 67 26 54 12 34 56 41
   15  597 44 21 21 32 56 21 46 13 55 66 55 57 66 33 41
   15  598 43 11 22 26 55 12 26 31 66 67 57 56 64 33 43
   15  599 44 21 21 32 56 21 46 13 55 66 55 57 66 33 41
   15  600 43 11 22 26 55 12 26 31 66 67 57 56 54 33 23
   15  601 44 21 21 32 56 21 46 13 55 66 55 57 66 33 41
   15  781 44 21 22 32 75 21 22 43 66 66 45 45 65 63 32
   15  782 23 11 42 36 55 22 16 41 66 67 47 16 14 33 33
   15  783 24 11 42 32 55 21 12 43 66 66 45 15 15 33 32
   15  784 44 21 22 32 75 21 22 43 66 66 45 45 65 63 32
   15  785 44 12 42 33 45 22 64 11 55 76 25 25 66 43 44
   15  786 14 22 22 63 45 22 64 11 55 76 25 25 66 43 44
   15  787 44 12 42 33 45 22 64 11 55 76 25 25 66 43 44
   15  788 44 11 41 33 45 22 64 11 55 76 25 25 66 43 41
   15  789 31 22 21 63 56 22 84 32 26 61 25 47 14 63 41
   15  790 31 12 41 13 56 22 24 32 66 61 15 27 24 43 11
   15  791 31 12 41 13 56 22 24 32 66 61 15 27 24 43 11
   15  792 44 22 22 23 65 12 24 11 75 36 55 15 26 63 44
   15  905 14 21 12 32 65 21 42 23 66 16 55 75 46 33 14
   15  906 14 21 12 32 65 21 42 23 66 16 55 75 46 33 14
   15  907 43 21 22 16 55 12 66 21 66 17 47 56 34 63 43
   15  908 43 21 22 16 55 11 62 23 66 16 45 55 36 63 44
   15  909 13 21 13 36 66 21 48 21 66 13 52 77 42 36 14
   15  910 14 21 12 33 65 22 44 21 65 15 42 55 62 74 43
   15  911 14 12 33 33 17 22 84 33 55 35 47 75 61 33 12
   15  912 11 22 22 23 47 22 66 14 65 25 45 27 43 63 12
   15  913 41 12 23 42 57 12 54 11 76 66 45 11 31 63 41
   15  914 31 12 42 43 56 12 56 13 72 66 46 11 32 63 44
   15  915 31 12 42 43 56 12 56 13 72 66 46 11 32 63 44
   15  916 42 12 12 22 62 12 65 31 56 61 55 71 63 36 12
   15  917 42 11 14 26 67 12 66 31 52 66 56 75 65 34 14
   15  918 44 21 24 26 67 22 46 11 52 66 56 55 65 34 44
   15  919 44 21 24 36 57 22 45 11 56 61 55 55 65 34 44
   15 1187 33 21 24 14 45 21 45 31 77 26 44 71 63 46 34
   15 1285 44 12 21 23 54 11 24 31 65 13 54 76 43 36 12
   15 1286 44 12 21 23 54 11 24 31 65 63 56 51 64 36 41
   15 1287 43 22 22 16 54 11 62 23 66 11 45 52 31 63 44
   15 1288 33 12 22 66 54 11 22 33 66 61 55 52 61 33 44
   15 1289 11 22 21 33 66 22 64 32 26 61 65 17 24 33 41
   15 1290 14 21 22 32 65 21 62 33 26 66 65 15 26 33 44
   15 1291 31 12 41 43 56 12 54 32 26 61 65 17 26 33 44
   15 1292 14 21 22 32 65 21 62 33 26 66 65 15 26 33 44
   15 1469 33 11 42 43 54 12 57 11 76 66 45 15 31 63 42
   15 1470 33 11 42 43 54 12 57 11 76 66 45 15 31 63 42
   15 1471 33 11 42 43 54 12 56 11 75 66 47 11 31 65 44
   16  306 41 22 12 22 54 22 62 11 36 11 64 55 32 77 42
   16  307 11 12 32 32 77 12 26 11 76 16 44 56 64 33 33
   16  308 33 12 43 21 44 12 84 13 65 66 54 51 41 34 43
   16  309 14 22 22 22 35 21 21 11 66 67 44 15 22 37 11
   16  310 32 21 23 32 21 21 66 21 45 73 54 21 36 65 14
   16  311 43 12 42 21 41 22 66 11 66 16 25 65 65 36 13
   16  312 13 21 22 33 56 22 52 34 55 16 52 55 32 33 23
   16  313 34 22 24 12 26 21 52 11 65 66 45 65 16 44 14
   16  314 43 11 12 33 57 11 26 33 65 56 24 65 34 46 11
   16  315 34 21 22 23 45 22 24 31 31 36 66 72 31 47 42
   16  316 14 11 21 31 55 22 44 33 66 56 52 71 33 36 23
   16  317 31 12 21 21 45 11 52 31 63 17 44 51 61 67 23
   16  602 34 12 42 22 45 11 81 11 66 67 54 55 12 47 41
   16  603 34 22 32 12 45 21 41 31 56 67 44 15 12 47 31
   16  604 41 21 13 23 57 21 62 11 37 11 64 55 36 73 43
   16  605 11 22 23 23 47 21 22 11 67 11 44 55 26 73 23
   16  920 41 22 22 23 55 12 15 13 65 71 45 55 23 73 12
   16  921 33 11 42 23 46 12 82 14 65 66 52 55 12 43 42
   16  922 43 21 22 23 56 12 12 14 65 76 45 55 23 73 12
   16  923 43 22 22 21 51 12 16 11 66 76 45 55 25 76 13
   16  924 34 21 34 12 44 22 46 31 56 61 42 16 15 46 33
   16  925 13 12 32 33 72 22 66 12 34 17 65 52 33 76 41
   16  926 43 22 12 23 52 22 66 12 34 17 65 52 33 76 41
   16  927 14 22 34 32 76 11 22 11 75 16 45 55 66 74 24
   16  928 14 22 24 21 42 22 25 11 66 16 44 56 21 34 31
   16  929 13 22 32 21 42 22 25 11 66 16 44 56 21 74 21
   16  930 13 22 22 21 42 22 25 11 66 16 44 56 21 74 21
   16 1188 31 12 22 22 44 12 52 31 36 71 44 15 12 77 32
   16 1293 34 12 24 31 62 22 25 41 56 66 54 56 21 74 11
   16 1294 31 12 22 32 64 22 22 41 56 61 54 55 32 33 23
   16 1295 31 12 22 32 64 22 22 41 56 61 54 55 32 33 23
   16 1296 34 11 22 33 65 22 24 41 51 66 26 52 21 37 22
   16 1297 34 11 42 23 45 12 84 11 51 66 26 52 21 37 22
   16 1298 13 21 22 33 57 21 56 33 55 16 52 56 33 34 21
   16 1299 44 21 21 23 55 11 12 13 66 75 42 56 34 36 21
   16 1300 14 21 21 33 55 21 52 33 56 15 52 56 33 34 21
   16 1301 14 21 31 21 45 22 24 13 66 16 42 51 23 76 23
   17  318 44 11 22 62 78 12 56 31 56 13 24 15 41 64 44
   17  319 11 22 32 36 71 11 66 31 67 33 54 31 66 44 24
   17  320 33 12 42 12 55 22 46 11 52 61 42 51 41 33 14
   17  321 42 12 62 31 44 22 18 11 52 66 25 66 14 46 21
   17  322 44 21 11 33 77 21 16 31 55 17 47 65 36 66 44
   17  323 31 22 36 36 75 12 54 11 63 16 24 25 66 33 44
   17  324 12 21 42 32 63 22 68 34 55 66 42 14 34 53 31
   17  325 34 11 14 31 56 21 65 13 66 66 42 15 56 16 14
   17  326 33 12 12 36 44 21 46 33 66 23 51 72 41 76 23
   17  327 11 22 41 22 55 21 28 33 66 37 45 72 16 63 34
   17  328 12 22 52 22 61 11 24 31 66 61 54 56 51 46 34
   17  329 44 22 22 24 55 22 33 31 23 12 54 15 11 37 34
   17  330 43 22 46 22 84 22 86 33 66 61 44 12 66 73 44
   17  331 33 12 12 13 55 22 42 12 66 66 48 14 11 36 31
   17  332 31 12 64 33 85 12 44 13 56 16 44 75 16 33 14
   17  333 12 12 52 32 55 21 26 11 55 61 45 64 34 16 24
   17  334 31 22 43 42 74 21 68 31 65 66 25 51 66 63 44
   17  335 32 11 24 13 57 22 24 33 25 66 85 57 33 34 24
   17  336 44 12 22 23 74 21 26 13 64 14 14 17 66 66 14
   17  337 41 11 25 23 77 12 64 31 66 66 47 55 61 66 41
   17  338 44 11 14 22 44 22 84 11 65 66 54 55 21 11 43
   17  339 41 12 62 32 64 21 44 21 64 16 24 71 31 63 31
   17  340 12 12 26 31 54 22 14 33 66 63 55 15 31 36 13
   17  341 41 22 22 12 86 22 42 33 65 61 44 15 66 15 14
   17  606 43 11 61 33 44 22 14 13 56 62 25 67 14 47 22
   17  607 23 21 21 13 44 22 84 13 26 62 55 67 44 67 22
   17  608 34 21 21 23 57 21 66 11 25 17 27 15 16 36 44
   17  609 34 12 41 13 57 22 41 13 55 61 44 56 43 36 14
   17  610 34 12 41 13 57 22 61 13 25 11 24 16 13 36 44
   17  611 24 11 24 21 36 22 86 41 56 66 24 41 45 31 11
   17  612 14 21 44 31 66 21 65 33 56 66 44 11 35 51 31
   17  613 14 21 44 31 66 21 65 33 56 66 42 15 46 36 14
   17  614 14 21 22 32 78 12 66 31 66 33 54 35 61 44 24
   17  615 14 21 22 62 18 12 66 11 76 33 44 15 61 44 44
   17  616 14 21 32 36 77 11 65 33 65 31 52 31 64 46 24
   17  617 14 21 22 66 17 11 65 13 75 31 42 11 64 46 44
   17  618 14 21 32 32 77 11 65 33 65 31 52 31 64 46 24
   17  619 13 21 61 63 55 22 46 11 36 66 42 55 66 36 44
   17  793 11 22 52 26 61 11 26 31 67 63 54 51 56 44 34
   17  794 41 22 23 23 57 21 36 33 26 13 55 13 16 34 32
   17  795 34 22 61 23 47 22 61 33 65 61 44 15 64 73 41
   17  796 32 22 22 31 54 22 28 21 62 66 85 46 14 66 12
   17  797 32 12 12 11 54 22 48 11 62 66 45 17 14 37 32
   17  798 33 11 64 31 85 12 46 11 52 11 42 71 11 33 14
   17  799 14 11 52 32 57 21 25 13 55 61 42 61 34 16 24
   17  800 14 11 52 32 57 21 25 13 55 61 42 61 34 16 24
   17  931 34 21 24 21 56 22 66 11 26 16 24 11 15 31 41
   17  932 32 21 22 22 53 22 68 14 25 16 22 14 14 33 41
   17  933 42 11 12 32 76 12 66 11 56 76 74 51 65 61 41
   17  934 32 21 22 22 53 22 68 14 25 16 22 14 14 33 41
   17  935 32 21 22 22 56 22 68 14 25 16 22 14 14 33 41
   17  936 13 22 44 34 67 22 66 33 56 66 42 15 36 56 34
   17  937 43 11 42 11 65 12 52 33 62 66 28 55 63 63 42
   17  938 43 11 42 11 65 12 52 33 62 66 28 55 63 63 42
   17  939 14 21 21 63 14 12 64 13 76 32 45 17 64 47 42
   17  940 43 11 21 63 74 12 64 33 56 12 22 16 41 64 42
   17  941 13 21 21 63 14 12 61 11 75 36 42 16 61 44 42
   17  942 43 11 21 63 74 12 54 33 56 12 25 17 44 67 42
   17  943 41 12 24 22 85 22 62 13 66 33 44 57 11 46 43
   17  944 11 22 24 32 75 12 62 33 66 33 54 37 61 46 23
   17 1189 43 11 61 33 64 22 41 21 65 16 22 76 31 64 32
   17 1190 11 22 22 26 41 11 46 11 47 63 44 11 16 34 14
   17 1191 13 11 21 33 54 22 14 33 66 62 55 17 34 37 12
   17 1192 23 21 61 13 44 22 44 33 66 32 55 57 14 67 32
   17 1193 43 21 22 36 47 11 66 33 45 41 42 71 64 66 14
   17 1302 31 22 22 26 51 21 66 11 27 13 24 11 16 34 44
   17 1303 41 12 42 16 61 21 66 11 27 13 24 11 16 34 44
   17 1304 44 11 41 13 64 22 64 13 66 62 45 17 54 17 12
   17 1305 24 11 21 22 64 22 68 11 66 66 44 15 51 11 13
   17 1306 21 12 22 22 66 22 82 43 55 61 24 45 46 35 14
   17 1307 21 11 25 23 37 22 84 41 56 66 27 45 46 36 14
   17 1308 34 21 22 22 57 21 66 43 56 66 24 45 46 36 14
   18  342 21 12 42 12 64 12 64 33 41 16 65 26 41 73 24
   18  343 34 22 14 31 57 21 64 33 66 33 54 66 11 56 34
   18  344 41 12 24 34 64 12 54 13 66 66 84 11 14 33 33
   18  345 41 12 22 33 82 22 32 31 56 66 45 56 11 36 11
   18  346 33 22 22 21 65 21 48 33 26 11 41 55 61 63 21
   18  347 31 11 21 33 87 21 21 11 56 31 55 65 41 54 24
   18  348 44 12 22 26 75 22 42 33 65 63 55 11 64 43 14
   18  349 43 22 42 22 56 12 64 11 66 16 52 15 36 43 11
   18  350 14 12 22 22 15 22 85 11 16 16 57 55 16 61 44
   18  351 34 22 21 21 71 22 65 21 66 76 52 75 26 33 34
   18  352 44 21 14 32 44 22 66 31 52 66 55 12 23 67 41
   18  353 44 21 12 21 54 22 56 41 26 13 55 55 32 43 44
   18  354 14 22 21 63 77 12 84 11 66 61 45 56 66 43 43
   18  620 11 22 42 43 42 22 42 31 66 66 45 16 41 36 31
   18  621 14 21 42 43 48 22 43 33 65 66 44 15 41 33 31
   18  622 44 11 22 43 48 22 43 33 65 66 44 15 41 33 31
   18  623 11 22 42 43 42 22 42 31 66 66 45 16 41 36 31
   18  624 23 12 41 13 65 12 66 33 46 13 65 26 41 35 43
   18  625 13 22 21 23 45 22 46 33 16 63 55 66 11 35 43
   18  801 41 22 42 23 52 12 62 11 66 16 55 16 31 46 11
   18  802 31 22 22 23 62 22 42 11 66 66 25 56 61 36 11
   18  803 31 22 22 23 62 22 42 31 26 16 45 56 64 63 23
   18  804 44 21 22 23 58 22 53 13 65 66 74 55 61 13 41
   18  805 44 21 22 24 54 22 54 13 66 66 74 51 64 13 41
   18  806 41 22 24 64 54 22 24 33 66 66 54 11 64 43 13
   18  807 44 11 22 23 78 22 43 33 65 66 54 15 61 43 11
   18  945 21 11 41 13 67 11 61 31 46 11 65 25 41 34 44
   18  946 21 11 41 13 67 11 61 31 66 31 55 65 11 54 34
   18  947 33 21 12 33 58 22 61 31 66 11 65 25 41 34 44
   18  948 34 22 11 31 51 22 65 31 66 37 55 67 12 53 34
   18  949 33 22 12 32 57 22 66 32 66 37 55 67 12 53 33
   18  950 33 22 12 22 47 22 46 32 16 67 55 67 12 33 43
   18  951 13 22 22 22 47 22 46 32 16 67 55 65 16 33 44
   18 1194 43 22 12 32 77 22 46 12 66 17 55 65 66 33 34
   18 1195 13 22 22 62 77 12 86 12 66 17 55 65 66 33 34
   18 1196 41 22 12 32 74 22 44 13 61 16 55 66 61 33 34
   18 1309 31 22 12 23 42 22 42 31 16 66 55 66 11 36 41
   18 1310 31 22 22 23 72 22 62 21 66 76 52 75 26 33 41
   18 1311 33 22 22 22 76 22 64 21 66 76 52 75 26 33 31
   18 1312 31 22 22 23 72 22 62 21 66 76 55 76 21 36 31
   18 1313 34 21 22 21 74 22 66 31 66 33 55 65 12 53 34
   18 1314 34 22 11 32 55 22 65 34 62 31 55 65 13 54 34
   18 1315 34 22 11 13 14 22 66 33 62 36 55 62 13 57 31
   19  355 43 12 44 12 54 22 66 11 66 27 48 55 13 63 34
   19  356 31 12 24 23 47 11 52 31 66 62 25 25 63 66 43
   19  357 43 11 21 52 44 12 44 11 66 66 42 64 32 76 14
   19  358 41 22 12 62 57 22 76 13 45 61 45 25 61 33 41
   19  359 43 21 24 22 45 22 88 11 52 63 42 61 41 44 44
   19  360 32 11 23 31 41 22 21 31 74 26 87 71 61 34 33
   19  361 34 21 24 32 55 21 44 33 56 66 84 65 52 53 34
   19  362 23 11 24 31 84 12 26 13 26 76 74 57 63 34 44
   19  363 31 11 22 33 57 22 45 13 67 61 45 67 62 35 22
   19  364 33 21 22 21 55 22 26 32 76 76 45 74 11 56 24
   19  365 14 22 12 23 42 22 22 13 65 11 54 15 11 66 23
   19  366 44 12 42 13 77 22 66 13 67 66 55 57 44 36 32
   19  367 31 21 22 13 76 12 86 31 77 66 42 71 44 64 32
   19  368 43 21 22 63 17 22 48 13 66 36 42 57 13 35 13
   19  626 41 12 44 13 57 21 62 11 66 22 45 55 13 66 33
   19  627 31 22 44 23 47 21 62 11 66 72 85 55 33 36 43
   19  628 41 12 44 13 57 21 62 11 66 22 45 55 13 66 33
   19  629 43 11 42 12 54 21 65 13 66 26 42 52 16 66 34
   19  630 41 12 22 52 47 12 46 13 65 61 25 45 21 63 41
   19  631 34 12 11 26 45 12 47 11 64 66 44 62 36 73 11
   19  632 34 12 11 26 45 22 47 11 64 66 24 42 26 63 44
   19  633 44 12 21 56 45 12 47 11 64 66 44 62 36 73 14
   19  808 34 11 24 31 75 22 56 31 76 12 54 75 21 56 23
   19  809 31 12 24 33 57 21 42 11 66 62 45 65 63 36 23
   19  810 31 12 24 31 55 22 46 11 66 62 44 65 61 36 23
   19  811 11 12 24 33 57 21 42 11 66 62 45 65 63 36 23
   19  812 34 11 22 35 14 21 14 11 46 66 72 14 12 46 34
   19  813 31 12 22 32 47 22 26 33 75 21 85 75 61 33 31
   19  814 21 11 32 15 14 21 14 11 46 66 72 14 12 46 34
   19  815 34 11 22 35 44 21 24 31 76 26 82 74 62 33 31
   19  816 43 12 44 22 54 12 46 31 66 67 48 55 23 33 44
   19  817 34 12 21 16 55 22 67 21 64 66 54 42 16 53 24
   19  818 34 11 22 15 54 21 64 21 66 66 54 46 13 67 41
   19  819 34 22 21 26 55 22 27 31 74 76 44 72 16 53 24
   19  952 13 21 44 32 75 12 28 11 62 23 52 51 31 64 34
   19  953 44 12 42 12 54 22 68 11 62 23 42 51 11 64 34
   19 1054 32 11 12 23 48 11 42 11 62 67 47 65 36 73 14
   19 1055 33 11 14 21 44 12 46 13 66 66 44 67 33 74 14
   19 1056 42 21 12 63 58 21 72 13 46 66 44 27 33 74 14
   19 1057 33 11 12 22 45 22 46 11 66 62 24 45 21 66 43
   19 1058 43 21 12 62 54 21 45 13 46 66 42 22 66 36 44
   19 1059 33 11 12 22 44 21 45 13 66 66 22 42 26 66 44
   19 1197 33 11 22 33 64 22 82 33 77 62 48 77 46 63 33
   19 1238 34 12 22 33 12 22 12 13 65 61 24 45 21 66 43
   19 1239 34 12 22 33 12 22 12 13 65 61 24 45 21 66 43
   19 1240 14 12 32 13 17 22 16 13 47 66 75 17 14 46 32
   19 1316 34 12 12 26 41 12 44 11 66 63 44 65 61 33 41
   20  369 12 21 52 23 56 12 44 13 76 61 44 17 16 33 42
   20  370 14 11 22 12 47 21 62 34 66 66 24 65 51 64 24
   20  371 42 12 42 63 55 22 24 13 65 61 24 12 63 65 43
   20  372 21 12 22 46 75 21 48 11 26 66 54 15 44 73 13
   20  373 12 21 22 51 67 21 46 31 25 63 42 51 66 44 21
   20  374 44 12 62 23 77 11 46 31 13 11 44 34 66 66 44
   20  375 34 11 24 42 41 21 42 11 66 23 45 71 23 33 42
   20  376 13 12 44 32 55 22 76 33 72 21 55 62 35 46 42
   20  377 43 21 11 23 57 11 66 13 56 16 24 65 16 63 14
   20  378 41 21 62 32 75 21 27 33 56 16 55 77 33 35 44
   20  379 34 11 22 14 55 22 24 11 77 16 54 65 33 36 43
   20  380 14 12 22 41 58 22 62 21 72 61 46 57 46 56 44
   20  381 34 22 62 33 85 11 44 31 65 16 52 11 23 37 24
   20  382 11 12 42 23 37 21 62 21 66 66 54 57 36 43 14
   20  383 31 11 22 11 54 12 44 33 56 11 55 64 14 34 13
   20  384 12 21 52 26 47 21 24 33 52 66 54 21 42 34 43
   20  385 11 21 41 12 58 21 61 31 55 36 52 15 13 45 23
   20  386 14 22 22 31 64 22 45 11 54 43 55 54 65 36 34
   20  387 31 21 26 66 54 21 64 13 56 36 26 25 61 13 12
   20  388 44 11 22 23 44 12 41 11 55 16 42 46 11 46 43
   20  389 43 21 42 12 54 12 14 11 66 31 75 15 43 34 33
   20  390 21 11 31 22 67 12 86 31 67 32 44 65 44 47 44
   20  634 21 22 22 34 57 22 44 31 52 16 44 25 34 53 33
   20  635 42 11 42 64 57 22 24 11 62 66 25 11 64 67 41
   20  636 24 11 26 12 77 11 64 13 51 31 24 13 66 46 24
   20  637 24 11 24 12 71 11 62 11 56 33 25 11 63 43 12
   20  638 12 11 22 13 46 22 64 33 66 61 24 67 56 63 24
   20  639 42 11 22 23 76 12 24 43 66 61 44 57 16 43 42
   20  640 42 11 22 23 76 12 24 43 66 61 24 67 56 63 22
   20  641 33 21 41 23 57 21 66 33 26 16 54 25 56 63 24
   20  642 33 21 41 23 57 21 66 33 76 26 54 65 36 43 44
   20  954 24 11 22 44 75 22 44 11 27 66 54 15 43 76 13
   20  955 43 11 42 61 55 22 22 11 67 61 25 16 63 63 44
   20  956 44 11 42 62 57 21 22 14 66 66 22 16 65 66 42
   20  957 44 11 42 62 57 21 22 14 66 66 52 16 45 76 12
   20  958 22 11 22 43 76 22 24 13 66 61 24 17 66 63 42
   20  959 22 11 22 43 76 22 44 13 26 61 54 17 46 73 12
   20  960 42 11 42 63 56 22 24 13 66 61 24 17 66 63 42
   20  961 42 11 42 63 56 22 24 13 66 61 24 17 66 63 42
   20  962 11 21 22 44 75 22 46 12 27 66 44 55 44 35 34
   20  963 11 21 22 44 75 22 46 12 27 66 44 25 36 56 34
   20  964 11 21 22 44 75 22 46 12 27 66 46 57 46 36 34
   20  965 21 12 22 33 67 21 42 31 66 16 44 77 66 33 24
   20  966 21 11 22 32 65 21 47 33 66 16 45 77 63 35 44
   20  967 24 12 26 33 67 22 42 33 66 16 45 77 63 35 44
   20  968 14 12 26 13 47 22 62 33 65 11 45 77 63 63 24
   20 1060 34 12 12 33 75 11 64 31 65 66 42 51 63 37 44
   20 1061 34 11 16 32 77 11 64 33 61 61 44 53 66 36 44
   20 1062 32 11 12 31 77 11 66 31 65 63 42 51 66 34 42
   20 1063 32 21 42 21 57 21 66 31 75 23 52 61 36 44 42
   20 1198 14 11 22 14 45 22 44 31 67 16 54 45 43 46 33
   20 1199 34 11 22 14 45 22 44 31 67 16 54 45 43 46 33
   20 1200 33 11 21 23 47 21 46 13 66 16 54 55 36 43 34
   20 1201 13 12 64 62 55 22 66 13 55 33 22 21 66 14 12
   20 1202 12 11 12 23 86 12 14 13 56 61 24 57 36 53 32
   20 1203 44 21 22 12 47 21 52 14 46 36 52 46 55 66 42
   20 1317 42 11 42 66 57 21 24 13 62 66 24 11 62 64 43
   20 1318 21 11 21 32 67 22 46 31 67 12 44 75 64 37 24
   20 1319 22 11 23 42 76 21 28 13 66 63 24 16 64 64 44
   20 1320 44 11 22 23 74 12 21 41 65 66 52 16 41 76 13
   20 1321 32 11 12 33 76 12 44 33 16 11 44 37 66 63 44
   20 1322 44 11 64 26 75 12 42 31 16 16 42 31 66 66 44
   20 1323 42 11 62 23 76 12 44 33 16 61 44 57 66 33 42
   20 1324 34 11 14 36 75 12 62 31 66 66 42 51 66 36 44
   21  391 33 22 14 32 64 22 62 11 77 61 45 55 13 64 23
   21  392 32 11 42 36 77 21 62 31 66 11 45 12 63 34 42
   21  393 43 22 24 22 55 22 45 11 72 26 24 56 13 76 43
   21  394 21 11 41 22 56 21 42 31 56 66 44 54 15 63 14
   21  395 31 12 21 31 67 22 26 31 11 61 54 47 26 43 42
   21  396 41 12 22 36 77 22 61 11 15 66 74 25 13 64 44
   21  397 44 12 21 23 48 22 62 14 66 11 25 61 43 46 33
   21  398 11 12 43 13 57 22 82 33 21 61 55 75 23 63 42
   21  399 34 21 22 21 77 22 74 11 52 13 54 17 64 34 24
   21  400 41 11 14 13 44 21 44 13 66 76 47 25 43 63 42
   21  401 34 21 43 61 44 22 86 31 56 63 45 52 41 33 13
   21  402 14 12 44 33 55 22 26 13 16 76 74 11 13 76 23
   21  403 34 21 42 32 53 12 12 31 65 66 52 62 43 33 44
   21  404 44 12 21 33 55 22 35 13 15 66 44 76 46 66 22
   21  405 11 22 42 22 45 22 42 11 66 11 42 55 66 33 44
   21  406 33 22 22 26 54 21 62 31 27 24 44 65 63 37 41
   21  407 11 21 22 36 54 21 24 14 65 36 45 55 61 43 22
   21  408 41 11 22 36 44 22 68 13 56 16 42 51 64 33 23
   21  409 34 21 22 63 57 12 44 11 62 66 52 75 36 33 22
   21  410 41 22 23 42 37 22 22 31 61 16 45 16 46 43 34
   21  411 33 22 24 23 45 22 48 11 65 66 45 65 66 34 13
   21  412 33 12 21 23 46 22 22 31 76 16 65 64 53 43 34
   21  413 24 22 61 23 16 22 58 33 57 62 42 52 33 33 41
   21  414 13 11 42 21 85 21 82 33 65 16 25 12 16 63 41
   21  415 13 12 22 36 75 22 48 31 76 61 14 71 63 63 44
   21  416 23 21 24 32 54 22 62 13 62 66 45 11 12 46 32
   21  417 44 22 23 23 74 11 46 31 65 16 54 76 43 45 24
   21  418 41 11 22 36 55 21 25 33 66 66 55 66 62 36 24
   21  419 43 22 32 21 45 12 46 13 65 66 84 55 36 33 43
   21  420 44 22 62 22 57 21 24 11 22 62 75 61 36 37 42
   21  421 44 12 44 32 45 22 46 21 57 31 55 65 36 43 42
   21  422 34 21 22 33 45 22 24 11 76 31 77 57 24 76 23
   21  423 13 12 11 32 58 21 42 11 66 16 74 56 13 34 41
   21  424 42 21 22 42 48 21 48 13 15 16 44 21 24 33 44
   21  425 13 12 34 22 74 22 64 11 52 36 45 72 16 63 44
   21  426 31 22 21 23 51 21 57 14 77 37 44 27 33 47 43
   21  427 41 21 61 32 47 22 46 33 22 66 44 56 23 23 33
   21  643 14 21 32 31 77 22 24 31 12 13 54 57 34 34 24
   21  644 13 22 32 32 77 22 27 31 15 11 55 51 36 33 22
   21  645 14 11 42 12 57 22 87 31 25 61 55 71 26 63 42
   21  646 13 12 42 12 57 22 87 31 25 61 55 71 26 63 42
   21  647 14 11 42 11 57 22 84 31 22 63 54 77 34 34 24
   21  648 42 21 24 22 55 22 44 11 76 26 24 55 11 76 41
   21  649 42 21 24 22 55 22 44 13 75 26 24 55 11 76 41
   21  650 34 12 21 33 68 22 22 34 16 61 55 41 23 46 43
   21  651 14 22 11 13 78 22 62 14 16 11 45 71 63 36 23
   21  652 34 12 21 32 64 22 26 31 16 61 52 46 64 34 23
   21  653 34 11 22 32 64 22 26 31 16 61 52 46 24 44 43
   21  654 34 12 21 33 68 22 22 34 16 61 55 41 23 46 43
   21  655 33 21 44 23 47 22 26 13 76 11 54 51 36 43 34
   21  656 33 21 14 23 47 22 26 13 76 11 54 51 36 43 34
   21  820 34 22 42 62 45 22 84 31 57 62 42 55 41 37 14
   21  821 42 11 34 12 45 22 64 13 65 36 54 25 11 36 31
   21  822 34 22 42 62 45 22 84 31 57 62 42 55 41 37 14
   21  823 34 21 42 31 57 12 14 31 62 63 54 67 44 34 44
   21  824 34 21 42 31 57 12 14 31 61 61 55 65 43 33 42
   21  825 13 22 22 32 57 22 27 11 65 31 45 51 66 33 24
   21  826 11 11 24 61 45 12 48 43 52 66 55 57 12 36 24
   21  827 13 21 42 23 46 22 42 13 61 16 45 54 62 34 44
   21  828 14 21 22 22 54 22 26 11 66 11 22 56 64 34 43
   21  829 44 21 22 42 37 22 27 31 65 11 45 11 46 43 32
   21  830 14 21 32 22 77 22 27 11 15 61 55 61 66 33 42
   21  969 13 22 31 33 76 22 22 31 16 16 55 54 33 33 24
   21  970 13 21 32 33 76 22 22 33 11 16 55 54 32 34 24
   21  971 14 22 31 33 78 22 22 34 16 11 55 51 33 36 23
   21  972 14 22 31 33 78 22 22 34 16 11 55 51 33 36 23
   21  973 34 22 21 23 78 22 72 14 56 11 55 51 33 36 23
   21  974 42 12 22 13 75 22 46 13 22 36 45 71 42 46 42
   21 1064 23 11 44 23 57 22 46 13 66 61 44 51 16 63 14
   21 1065 43 21 24 23 57 22 46 13 76 21 24 51 16 73 44
   21 1066 43 22 21 22 54 22 42 11 77 21 25 55 13 64 14
   21 1067 23 12 41 22 54 22 42 13 76 61 45 55 13 64 13
   21 1068 43 22 21 22 54 22 42 11 67 61 45 55 13 64 13
   21 1069 43 22 21 22 54 22 42 11 67 61 44 51 16 63 14
   21 1070 23 11 44 23 57 22 46 13 66 61 44 51 16 63 14
   21 1071 23 12 41 22 54 22 42 11 67 61 45 55 13 74 43
   21 1072 44 21 12 23 47 22 64 11 62 16 22 65 46 43 32
   21 1073 34 12 22 36 65 21 24 31 16 66 55 47 63 33 22
   21 1074 33 12 22 36 65 21 24 31 16 66 55 47 63 33 22
   21 1075 33 22 12 26 45 21 64 11 66 16 25 67 43 43 32
   21 1076 43 22 12 26 45 21 64 11 66 16 25 67 43 43 32
   21 1077 14 21 12 13 75 22 65 13 15 16 44 76 66 36 22
   21 1078 14 22 11 13 75 22 65 13 15 16 44 76 66 36 22
   21 1079 41 21 14 33 84 21 24 43 66 16 57 15 33 63 32
   21 1080 31 12 42 36 77 22 66 31 61 16 47 12 61 36 44
   21 1204 33 21 24 23 57 22 66 33 26 21 44 61 66 37 44
   21 1205 34 22 22 63 57 22 66 33 26 21 44 61 66 33 44
   21 1206 13 12 42 32 55 22 24 11 17 72 72 15 11 76 21
   21 1207 44 22 42 32 55 22 64 31 67 62 42 15 31 66 31
   21 1208 43 22 42 32 55 22 64 31 67 62 42 15 31 66 31
   21 1209 43 22 22 22 77 12 47 11 25 21 55 15 63 73 22
   21 1210 33 21 22 13 56 22 42 13 61 66 85 54 32 34 44
   21 1211 41 22 33 23 47 12 42 13 61 61 85 55 33 33 42
   21 1212 13 12 21 32 74 22 42 31 77 61 15 15 33 34 43
   21 1213 33 22 21 62 54 22 82 11 67 11 45 15 33 34 43
   21 1214 42 21 34 33 47 12 66 13 56 66 44 65 31 56 41
   21 1215 43 21 24 23 77 12 46 33 66 11 54 71 46 43 24
   21 1216 42 21 34 32 45 12 64 11 56 61 44 61 31 56 41
   21 1325 14 21 34 33 74 22 24 32 15 13 55 56 33 34 24
   21 1326 44 21 14 33 84 22 24 42 65 13 55 56 33 34 24
   21 1327 24 12 41 23 58 22 42 14 66 61 45 51 33 46 33
   21 1328 31 22 13 23 48 22 22 14 76 11 55 51 33 46 33
   21 1329 34 22 11 23 48 22 22 14 76 11 55 51 33 46 33
   21 1330 31 22 13 23 47 22 22 13 71 11 55 55 33 43 32
   21 1331 33 22 12 22 44 22 24 31 66 16 54 56 36 43 31
   21 1332 33 22 14 23 45 22 28 31 65 16 55 55 36 44 33
   21 1333 33 22 12 22 44 22 24 11 76 66 44 56 16 63 11
   21 1334 34 22 11 23 46 22 28 13 77 12 42 12 63 33 41
   21 1335 42 22 26 22 51 22 45 13 65 66 44 55 13 63 14
   21 1336 32 22 16 22 41 22 25 13 75 16 44 15 63 33 44
   21 1337 24 11 42 23 54 22 46 11 66 66 44 55 16 63 12
   21 1338 31 11 44 32 78 22 68 33 66 11 42 11 61 36 41
   21 1339 31 11 44 32 78 22 68 33 66 11 42 51 11 66 14
   21 1340 21 11 44 32 78 22 68 33 66 11 42 11 61 36 44
   21 1341 21 11 44 22 58 22 48 13 66 11 42 11 61 36 44
   21 1444 43 22 22 46 45 22 46 13 16 11 44 21 26 33 44
   21 1445 44 22 22 43 47 22 46 13 16 11 44 21 26 33 44
   21 1446 13 12 32 22 74 22 64 11 56 36 44 76 16 63 41
   21 1447 33 22 41 22 44 22 44 11 26 66 54 26 66 33 41
   21 1448 33 22 22 32 55 22 44 11 67 12 72 75 41 66 31
   21 1449 31 21 24 33 45 22 22 11 71 37 77 51 21 77 22
   21 1460 33 12 41 32 78 21 64 31 26 26 44 66 63 33 44
   21 1461 31 21 21 23 55 22 64 31 26 21 47 65 61 33 44
   21 1462 33 22 21 22 58 21 62 31 26 26 44 66 61 33 44
   21 1472 41 21 41 32 57 22 66 33 62 66 44 16 33 63 33
   21 1473 41 21 41 32 57 22 66 33 62 66 44 16 33 63 13
   21 1474 33 22 12 22 45 22 25 11 77 13 44 12 63 34 44
   21 1475 24 11 42 23 55 22 42 13 66 66 45 56 66 33 22
   22  428 31 12 22 13 15 22 64 31 67 11 47 75 23 65 42
   22  429 34 21 15 21 54 22 65 13 62 26 84 55 36 47 14
   22  430 13 21 32 26 45 22 12 11 66 66 45 55 46 35 44
   22  431 34 21 22 33 25 12 28 13 65 67 44 61 32 43 21
   22  432 33 22 12 33 56 11 44 11 56 66 24 16 64 34 23
   22  433 22 11 21 62 81 22 54 14 77 66 44 55 36 65 13
   22  434 41 12 46 33 11 12 26 13 66 16 74 55 24 33 33
   22  435 43 22 44 24 44 12 56 12 66 66 45 25 31 33 41
   22  436 34 11 16 23 44 22 62 11 65 66 44 25 42 66 41
   22  437 43 21 22 63 55 22 41 11 56 11 24 77 61 36 22
   22  438 44 12 24 21 45 22 56 13 55 61 65 15 11 31 12
   22  439 44 11 62 16 55 22 62 34 66 36 72 55 24 64 31
   22  440 43 11 62 21 74 22 24 11 56 66 58 15 63 36 31
   22  441 41 22 22 31 11 22 64 11 27 66 77 55 61 43 42
   22  442 31 12 41 61 44 22 21 41 26 76 52 11 34 63 42
   22  657 31 22 16 33 51 12 46 13 56 66 24 15 64 33 23
   22  658 31 22 26 33 61 11 42 11 66 61 47 65 42 43 33
   22  659 33 12 22 63 52 21 22 11 66 66 54 56 63 54 41
   22  660 14 21 32 23 45 22 18 13 65 67 44 51 42 33 41
   22  661 34 11 22 63 55 22 28 13 65 67 54 51 62 53 41
   22  662 13 22 21 32 55 22 46 11 76 12 78 55 33 54 21
   22  663 33 12 21 12 15 22 66 31 66 12 48 75 23 54 21
   22  664 24 12 14 22 14 21 45 41 76 66 44 52 33 63 14
   22  665 24 12 14 22 14 21 45 41 76 66 44 52 33 63 14
   22  666 24 12 14 22 14 21 46 42 76 66 45 55 61 53 31
   22  831 43 12 61 32 45 22 26 11 56 62 48 55 23 64 11
   22  832 43 11 22 66 55 22 22 41 66 66 25 55 46 45 14
   22  833 43 11 62 16 55 22 62 31 66 36 75 55 26 65 34
   22  834 44 11 22 63 55 22 28 43 65 67 24 51 42 43 14
   22  835 41 12 23 22 44 22 51 11 56 66 64 15 14 33 14
   22  836 41 22 23 22 44 22 51 11 56 66 64 15 14 33 11
   22  837 41 12 66 23 41 21 42 11 66 61 87 55 32 63 13
   22  838 41 12 66 23 71 21 22 11 56 61 57 15 62 33 33
   22  839 44 22 24 62 54 21 45 11 56 16 24 72 63 33 24
   22  975 33 21 12 36 55 12 42 11 56 66 25 15 66 35 24
   22  976 13 22 62 33 12 21 62 31 66 66 44 56 43 34 31
   22  977 13 22 62 33 12 21 62 31 66 66 44 56 43 34 31
   22  978 13 21 62 36 15 22 62 31 66 66 45 55 46 35 34
   22 1217 13 21 22 16 15 22 42 11 76 66 75 55 16 35 24
   22 1218 44 21 46 23 44 12 52 11 65 66 44 25 32 36 41
   22 1219 24 11 16 23 14 22 42 41 75 66 44 55 32 66 11
   22 1220 44 21 46 23 44 12 52 11 65 66 44 25 32 36 41
   22 1221 44 21 46 23 44 12 52 11 65 66 44 25 32 36 41
   22 1342 11 22 61 31 14 22 62 34 62 67 45 51 43 36 34
   22 1454 32 21 61 32 11 22 64 34 67 66 44 55 43 36 31
   22 1455 12 21 61 32 11 22 64 34 67 66 44 65 33 46 11
   22 1456 32 21 21 32 21 12 24 14 67 66 44 65 33 46 11
   23  443 42 11 22 25 75 11 66 31 26 63 55 51 62 33 34
   23  444 34 21 22 33 65 22 24 11 66 66 74 51 63 67 11
   23  445 44 11 61 14 75 22 44 33 66 66 42 55 31 33 24
   23  446 33 22 32 23 57 22 72 11 55 26 21 75 11 63 34
   23  447 11 11 22 32 74 22 86 41 65 61 55 51 36 66 44
   23  448 43 11 32 33 55 22 62 33 66 66 54 12 51 66 33
   23  449 13 12 42 42 71 21 86 11 26 66 45 72 31 37 24
   23  450 13 12 41 15 64 12 42 31 55 16 84 55 61 66 44
   23  451 34 22 26 16 75 21 28 33 55 16 81 55 66 36 33
   23  452 13 21 22 23 56 21 54 12 56 33 82 47 21 36 41
   23  453 33 12 12 12 65 21 46 11 65 61 44 45 41 36 43
   23  454 34 22 22 26 11 22 62 31 52 76 25 61 13 33 34
   23  455 33 21 42 33 56 22 48 11 51 61 84 77 36 73 11
   23  456 34 12 21 43 85 22 21 31 16 11 87 55 32 76 14
   23  457 43 22 26 33 65 21 42 31 67 16 45 11 55 33 24
   23  458 21 21 22 21 45 22 68 31 55 66 55 15 12 33 31
   23  459 13 21 21 31 54 12 22 31 56 66 55 55 16 64 13
   23  667 43 12 13 42 55 22 47 31 65 62 22 57 11 36 43
   23  668 43 12 13 42 55 22 47 31 65 62 22 57 11 36 43
   23  669 43 12 22 23 76 12 62 31 26 66 57 51 63 37 31
   23  670 23 12 22 53 56 12 62 11 66 36 57 15 26 36 41
   23  671 14 12 46 16 45 22 22 13 55 61 48 55 16 63 43
   23  672 34 22 16 56 45 21 28 13 55 66 41 55 16 66 43
   23  673 33 22 12 51 47 22 22 33 55 11 81 55 66 66 43
   23  674 14 12 46 16 65 21 28 13 55 16 81 55 66 66 43
   23  675 13 12 42 11 67 12 42 33 55 11 88 55 66 63 43
   23  676 13 11 22 23 45 22 62 13 56 16 54 12 61 66 43
   23  677 13 11 23 23 45 22 66 13 56 16 55 11 65 66 43
   23  840 13 21 22 23 55 22 52 13 56 36 84 42 21 36 44
   23  841 11 21 22 22 54 22 56 11 55 31 85 41 26 36 44
   23  842 31 21 24 21 15 22 62 33 55 76 24 65 11 36 34
   23  843 34 22 26 26 15 22 62 33 55 71 28 65 16 33 33
   23  979 33 22 32 22 55 21 76 11 55 21 24 75 11 66 33
   23  980 43 12 12 42 55 21 46 31 65 61 24 55 11 36 43
   23  981 43 11 11 41 56 22 44 31 66 66 24 54 14 33 44
   23  982 33 21 31 21 56 22 74 11 56 26 24 74 14 63 34
   23  983 43 12 22 22 71 11 66 31 26 66 55 52 61 33 32
   23  984 23 12 23 52 55 12 67 11 65 32 52 15 21 33 44
   23  985 13 12 44 13 65 22 24 11 55 16 88 57 63 67 41
   23  986 43 21 62 63 56 12 88 31 51 61 14 57 66 67 31
   23 1343 14 22 26 26 55 21 28 33 65 66 41 25 16 66 43
   23 1344 34 12 26 36 55 21 28 13 55 36 81 45 16 66 43
   23 1345 34 12 26 36 55 21 22 31 65 66 44 25 11 66 44
   23 1346 33 12 21 35 54 22 22 31 65 66 44 25 11 66 44
   23 1347 14 22 26 26 55 21 58 13 55 36 81 45 26 36 43
   23 1348 13 22 21 25 54 22 52 11 55 36 84 45 21 36 44
   23 1349 14 22 21 23 55 22 51 11 56 31 87 45 22 36 44
   23 1450 11 12 22 12 55 22 85 11 55 63 58 54 22 33 14
   23 1451 44 22 26 36 65 21 42 31 65 16 44 12 51 36 24
   23 1452 44 22 66 36 55 11 22 11 75 66 54 15 51 36 44
   23 1453 13 22 21 35 54 12 22 31 55 66 54 55 11 66 14
   23 1457 34 22 36 26 55 21 78 13 55 26 21 55 16 36 43
   23 1458 24 12 26 56 55 11 68 13 65 36 51 14 21 36 44
   23 1459 23 11 22 53 55 12 62 13 65 36 51 15 26 36 43
